peak_index	scan_num	mz	intensity	fwhm	signal_noise	MSFeatureID
1	0	300.01586	59935	0.0045	100	-1
2	0	307.97156	62857	0.0051	100	-1
3	0	309.09344	3398791	0.0044	100	158
4	0	309.13047	83437	0.0052	100	-1
5	0	309.2043	592589	0.0042	100	158
6	0	309.70632	84180	0.0047	100	-1
7	0	310.09726	424382	0.0044	100	231
8	0	310.17547	106438	0.005	100	-1
9	0	310.1989	76179	0.0047	100	-1
10	0	311.0893	413737	0.0043	100	-1
11	0	312.5077	70294	0.0044	100	-1
12	0	312.66233	59793	0.005	100	-1
13	0	312.84232	103663	0.0056	100	-1
14	0	314.23099	92117	0.0052	100	-1
15	0	318.18325	282675	0.0042	100	334
16	0	318.51764	239319	0.0045	100	334
17	0	318.85188	81546	0.0049	100	334
18	0	319.17624	193233	0.0045	100	-1
19	0	319.67761	80558	0.0057	100	-1
20	0	322.1193	64792	0.0051	100	-1
21	0	323.14667	75410	0.0065	100	-1
22	0	323.53527	69355	0.0046	100	-1
23	0	324.70747	201030	0.0044	100	-1
24	0	325.19887	429615	0.0047	100	228
25	0	325.68638	499601	0.0046	100	-1
26	0	325.70124	181887	0.0042	100	228
27	0	327.00716	69162	0.005	100	-1
28	0	329.00473	155459	0.0054	100	-1
29	0	329.19753	1113301	0.0049	100	70
30	0	329.53178	843599	0.0049	100	70
31	0	329.68775	100534	0.0063	100	-1
32	0	329.70552	84740	0.0055	100	-1
33	0	329.86645	360865	0.0047	100	70
34	0	331.07529	1631145	0.0049	100	-1
35	0	332.07875	236877	0.0048	100	-1
36	0	333.07147	106874	0.0057	100	-1
37	0	335.19009	102540	0.0068	100	-1
38	0	335.20186	175728	0.0047	100	-1
39	0	335.84106	62013	0.0055	100	-1
40	0	336.73645	176494	0.0051	100	-1
41	0	337.89493	517519	0.0048	100	185
42	0	338.22957	277762	0.0051	100	185
43	0	339.2021	89629	0.0059	100	-1
44	0	339.69408	354984	0.0049	12.79	-1
45	0	339.70221	82591	0.0045	2.98	-1
46	0	340.69378	243808	0.0047	100	368
47	0	341.19518	111467	0.0065	100	368
48	0	344.70432	204797	0.0051	100	409
49	0	345.20651	111970	0.0063	100	409
50	0	345.6828	71441	0.0059	100	-1
51	0	348.01398	101206	0.006	100	-1
52	0	349.73148	67835	0.0057	100	-1
53	0	349.85522	154528	0.0061	100	-1
54	0	350.18829	74688	0.0054	100	-1
55	0	350.54211	240289	0.0056	100	371
56	0	350.87561	227342	0.0056	100	371
57	0	351.16986	167301	0.0053	100	-1
58	0	351.72395	80399	0.0148	1.86	-1
59	0	351.73227	113274	0.0061	2.62	-1
60	0	352.56519	72273	0.0057	100	-1
61	0	353.1711	246224	0.005	14.01	-1
62	0	353.17985	70150	0.0067	3.99	-1
63	0	353.67359	73500	0.0055	100	-1
64	0	353.69851	78853	0.0074	1.0	-1
65	0	353.70014	88601	0.0071	1.13	-1
66	0	353.7098	608672	0.0054	100	157
67	0	354.19732	496600	0.0053	100	199
68	0	354.21162	176752	0.0071	100	157
69	0	354.6957	270344	0.0064	100	199
70	0	354.70868	77803	0.0078	100	157
71	0	356.21313	400001	0.0055	100	247
72	0	356.22762	66199	0.0065	100	-1
73	0	356.54499	584582	0.0057	100	161
74	0	356.87934	355340	0.0055	100	161
75	0	357.18498	80848	0.0061	100	-1
76	0	357.21339	87091	0.0061	100	247
77	0	357.24963	101803	0.0063	100	-1
78	0	357.74178	209556	0.0051	100	401
79	0	358.18916	98541	0.0068	100	-1
80	0	358.21915	91534	0.0069	100	247
81	0	358.24362	90093	0.0074	100	401
82	0	358.70958	381526	0.0055	100	256
83	0	359.18108	69794	0.0062	100	-1
84	0	359.21195	117877	0.0058	100	256
85	0	359.70984	740698	0.0055	100	256
86	0	360.21199	347234	0.0056	100	256
87	0	361.16849	85439	0.0062	100	-1
88	0	361.21514	634595	0.0054	100	148
89	0	361.7069	151874	0.0052	5.86	-1
90	0	361.71703	414280	0.0053	15.98	148
91	0	362.1949	499932	0.0054	100	195
92	0	362.68696	232378	0.0053	7.33	195
93	0	362.69656	108360	0.0075	3.42	-1
94	0	363.18834	154929	0.006	100	195
95	0	363.2368	1122121	0.0057	100	68
96	0	363.69442	202615	0.0054	100	195
97	0	363.73859	540340	0.0055	100	68
98	0	364.70177	191221	0.0057	100	-1
99	0	365.20362	96602	0.0061	100	-1
100	0	365.73374	577307	0.0056	100	166
101	0	366.20104	160993	0.0045	100	-1
102	0	366.22539	76002	0.0067	2.32	-1
103	0	366.23489	127111	0.0061	3.88	166
104	0	366.53637	192670	0.0055	100	-1
105	0	368.21409	112447	0.0068	100	-1
106	0	368.71517	97833	0.0059	100	-1
107	0	368.8668	439678	0.0056	100	-1
108	0	369.07282	232218	0.0052	100	-1
109	0	369.22555	81492	0.0059	100	-1
110	0	370.24455	482646	0.0057	100	203
111	0	370.7027	131224	0.007	100	-1
112	0	370.74639	184268	0.0056	100	203
113	0	371.06815	187277	0.0058	100	-1
114	0	371.1944	89465	0.0064	100	-1
115	0	371.21083	589905	0.0055	100	159
116	0	371.22801	230963	0.0054	99.73	-1
117	0	371.23763	70702	0.0055	30.53	203
118	0	371.5451	367249	0.0056	100	159
119	0	371.879	125863	0.0075	100	159
120	0	372.23635	126161	0.0069	100	-1
121	0	373.22723	72006	0.0054	480.73	-1
122	0	373.2358	199540	0.0058	1332.18	-1
123	0	373.74447	182094	0.005	100	-1
124	0	374.24569	98036	0.0073	100	-1
125	0	374.87858	78323	0.0063	100	-1
126	0	375.2044	76122	0.0066	100	-1
127	0	375.21395	76841	0.0061	100	-1
128	0	375.72318	85062	0.0063	100	-1
129	0	376.21177	754781	0.0059	100	120
130	0	376.22429	94442	0.0059	100	-1
131	0	376.46804	84104	0.0068	100	-1
132	0	376.71372	222165	0.0062	100	120
133	0	376.86687	92294	0.0067	100	-1
134	0	377.2002	73936	0.0066	100	-1
135	0	377.53476	84692	0.0072	100	-1
136	0	377.65942	74753	0.0071	100	-1
137	0	377.7441	714869	0.0059	100	131
138	0	378.05266	108243	0.0076	100	-1
139	0	378.16398	74133	0.0063	100	-1
140	0	378.24602	242016	0.0057	100	131
141	0	378.88695	99995	0.0074	100	-1
142	0	379.23125	266011	0.0058	100	-1
143	0	380.01534	174514	0.0063	100	-1
144	0	380.72211	72200	0.0066	100	-1
145	0	380.90696	64036	0.0069	100	-1
146	0	381.21872	161558	0.0064	100	-1
147	0	381.71601	102365	0.0089	100	-1
148	0	383.21941	1383436	0.0061	15.03	46
149	0	383.22944	109468	0.0197	1.19	-1
150	0	383.32343	70607	0.0068	100	-1
151	0	383.72134	754381	0.0061	100	46
152	0	384.19006	84390	0.0066	100	-1
153	0	384.22265	192091	0.0052	100	46
154	0	385.17063	77778	0.0064	100	-1
155	0	385.22796	86852	0.0064	100	-1
156	0	385.24405	310199	0.0059	100	-1
157	0	385.70715	164229	0.0059	100	-1
158	0	386.20904	89501	0.007	100	-1
159	0	386.25166	260039	0.0059	100	357
160	0	386.47497	409685	0.006	100	239
161	0	386.72676	329231	0.0064	100	239
162	0	386.75276	63126	0.0074	100	357
163	0	386.97698	110618	0.0081	100	239
164	0	387.22866	69352	0.0064	100	-1
165	0	387.23789	76068	0.0065	100	239
166	0	387.27122	159623	0.0069	100	-1
167	0	387.74858	94071	0.0078	100	-1
168	0	388.25374	302733	0.0062	100	-1
169	0	389.21026	2500785	0.0061	100	24
170	0	389.22871	187506	0.0048	100	-1
171	0	389.70262	193886	0.0175	1.67	-1
172	0	389.71263	557481	0.0061	4.79	24
173	0	389.72773	72217	0.0087	100	-1
174	0	390.21369	202663	0.0058	100	24
175	0	390.54261	393117	0.0062	100	-1
176	0	391.68757	69340	0.0067	100	-1
177	0	392.21171	214412	0.0069	100	395
178	0	392.25767	239925	0.0066	100	372
179	0	392.56478	178256	0.0065	100	-1
180	0	392.71152	158061	0.0067	100	395
181	0	392.75896	104317	0.0074	100	372
182	0	392.89887	174314	0.0062	100	-1
183	0	393.21279	118422	0.0077	100	395
184	0	393.71028	85574	0.0073	100	395
185	0	393.74525	217517	0.0059	7.3	-1
186	0	393.75703	81588	0.0103	2.74	-1
187	0	394.24855	270490	0.0069	100	346
188	0	394.7515	81420	0.0069	100	346
189	0	395.23043	92807	0.0069	100	-1
190	0	395.56414	198549	0.006	100	-1
191	0	395.8979	123766	0.0079	100	-1
192	0	396.21577	186401	0.0059	100	-1
193	0	396.55903	1346061	0.0065	100	-1
194	0	396.88517	151562	0.0174	1.53	-1
195	0	396.89541	962419	0.007	9.69	-1
196	0	397.21614	465713	0.0068	2.88	-1
197	0	397.22722	256875	0.0186	1.59	-1
198	0	397.55522	123792	0.0076	100	-1
199	0	397.71728	232111	0.0064	100	378
200	0	398.21163	205538	0.0063	100	378
201	0	398.90536	267939	0.0059	100	350
202	0	399.03305	74773	0.0075	100	-1
203	0	399.23918	257157	0.0063	100	350
204	0	399.54042	211841	0.0063	100	398
205	0	399.572	82148	0.0077	100	350
206	0	399.76301	184236	0.0068	100	-1
207	0	399.87298	85686	0.0071	100	398
208	0	399.90399	116071	0.0081	100	350
209	0	400.03416	172745	0.0058	100	-1
210	0	400.22084	76729	0.0072	100	-1
211	0	400.23966	1479200	0.0064	100	350
212	0	400.57383	868293	0.0065	100	41
213	0	400.71992	5503335	0.0064	100	6
214	0	400.90809	343599	0.0068	100	41
215	0	401.22136	2160396	0.0064	100	6
216	0	401.24081	155185	0.0061	100	41
217	0	401.25714	1632394	0.0064	100	39
218	0	401.28681	216575	0.0062	100	-1
219	0	401.72327	328906	0.0078	100	6
220	0	401.75892	739959	0.0065	100	39
221	0	402.20833	164941	0.0052	100	-1
222	0	402.26018	127761	0.0062	100	39
223	0	403.22997	176213	0.006	100	-1
224	0	403.25191	98659	0.0079	100	-1
225	0	404.22129	609688	0.0067	14.63	156
226	0	404.23449	270583	0.0064	6.49	345
227	0	404.72286	316805	0.0066	19.59	156
228	0	404.7357	123774	0.0065	7.65	-1
229	0	405.71025	172936	0.007	100	-1
230	0	405.7392	1201446	0.0067	100	57
231	0	406.20891	109336	0.0081	100	-1
232	0	406.24126	629696	0.0067	100	57
233	0	406.7471	175666	0.007	100	57
234	0	407.26426	108887	0.0082	100	-1
235	0	407.73443	95862	0.0059	100	-1
236	0	407.74608	225862	0.0062	100	384
237	0	408.01047	310373	0.0064	100	-1
238	0	408.18016	241215	0.007	100	-1
239	0	408.22363	179559	0.0056	100	-1
240	0	408.24345	408571	0.0071	100	384
241	0	408.27105	247858	0.0062	100	-1
242	0	408.57737	328624	0.0068	100	241
243	0	408.76243	1104020	0.0065	100	71
244	0	408.91231	80603	0.0078	100	241
245	0	409.23462	118416	0.0064	9.06	-1
246	0	409.24504	241126	0.0057	18.46	241
247	0	409.26384	532363	0.0063	100	71
248	0	409.72355	235032	0.0059	100	376
249	0	409.74695	120324	0.0092	100	-1
250	0	409.76599	214008	0.0064	100	71
251	0	410.22459	482074	0.0063	100	204
252	0	410.69076	126142	0.0082	100	-1
253	0	410.72636	326915	0.0068	100	376
254	0	411.23096	126326	0.0087	100	204
255	0	411.72026	398714	0.0073	100	376
256	0	412.22157	149042	0.006	100	-1
257	0	412.72376	810370	0.007	100	112
258	0	412.75264	169251	0.0066	100	-1
259	0	413.21355	201643	0.0068	100	112
260	0	413.22608	187047	0.0061	100	-1
261	0	413.24662	116744	0.0098	100	-1
262	0	413.70798	90921	0.0076	100	112
263	0	413.7489	93611	0.0078	100	-1
264	0	413.85031	109051	0.0084	100	-1
265	0	414.57128	133432	0.008	100	-1
266	0	414.75138	223750	0.0069	100	385
267	0	415.25179	108031	0.0075	100	385
268	0	415.76208	81778	0.0079	100	385
269	0	416.25012	775343	0.0065	9.01	117
270	0	416.26204	224972	0.0074	2.61	385
271	0	416.74059	1196294	0.0069	3.8	58
272	0	416.75126	391653	0.0188	1.24	117
273	0	417.23345	1158920	0.0067	5.22	58
274	0	417.24408	305103	0.0195	1.37	117
275	0	417.70418	160574	0.0062	100	-1
276	0	417.72619	167173	0.0057	2.29	-1
277	0	417.73653	328209	0.0061	4.5	117
278	0	417.90177	111897	0.0081	100	-1
279	0	418.20522	148344	0.0066	100	-1
280	0	418.24844	114762	0.0071	100	58
281	0	418.56348	98517	0.0073	100	-1
282	0	419.21674	254915	0.0066	100	361
283	0	419.23984	325357	0.0067	100	-1
284	0	419.59387	546778	0.0069	100	178
285	0	419.71764	92009	0.0087	100	361
286	0	419.9287	265968	0.0067	100	178
287	0	420.7868	361353	0.0069	100	270
288	0	421.28786	194079	0.0065	100	270
289	0	422.76133	117972	0.0087	100	-1
290	0	422.8945	741392	0.007	100	125
291	0	423.2283	246218	0.0067	4.14	125
292	0	423.24007	157224	0.0083	2.64	-1
293	0	423.72785	218580	0.007	100	-1
294	0	423.7461	78230	0.0073	8.12	-1
295	0	423.75776	290042	0.0067	30.09	-1
296	0	423.8973	123095	0.0083	100	-1
297	0	423.96952	106967	0.009	100	-1
298	0	424.22832	105229	0.0068	100	-1
299	0	424.25815	206324	0.0065	100	406
300	0	424.50786	95152	0.0081	100	406
301	0	424.71078	166935	0.0064	100	-1
302	0	424.72383	113467	0.0077	100	-1
303	0	424.74712	284289	0.0065	100	-1
304	0	424.75953	124726	0.0066	100	406
305	0	425.22447	129795	0.0088	100	-1
306	0	426.88154	378631	0.0068	100	-1
307	0	426.89752	342633	0.0068	3.91	289
308	0	426.91013	734384	0.0069	8.39	128
309	0	427.23152	255938	0.0077	4.02	289
310	0	427.24433	369678	0.0066	5.81	128
311	0	427.56687	99573	0.0076	12.74	289
312	0	427.57871	175048	0.0064	22.4	128
313	0	428.26044	275571	0.0068	100	342
314	0	428.27448	117099	0.007	100	-1
315	0	428.57299	91297	0.009	100	-1
316	0	428.74981	81947	0.0083	100	-1
317	0	428.76515	108770	0.0104	100	342
318	0	429.22772	73318	0.009	100	-1
319	0	430.23842	958923	0.0074	100	91
320	0	430.27853	80921	0.0082	100	-1
321	0	430.73934	306827	0.0069	22.04	91
322	0	430.75378	214416	0.0072	15.4	-1
323	0	430.88868	93933	0.0087	100	-1
324	0	431.20213	263133	0.007	100	354
325	0	431.24507	86168	0.0073	100	91
326	0	431.70482	87838	0.0076	100	354
327	0	432.23928	150177	0.0074	100	-1
328	0	432.25264	88025	0.009	100	-1
329	0	432.57754	186501	0.0076	100	-1
330	0	432.72139	277764	0.0069	100	338
331	0	432.74652	86265	0.0092	100	-1
332	0	432.76233	190619	0.0073	100	-1
333	0	432.86741	78845	0.0085	100	-1
334	0	433.2253	370622	0.0069	100	338
335	0	433.2545	156517	0.0065	100	-1
336	0	433.72722	298585	0.0073	100	338
337	0	433.75587	131898	0.0097	100	-1
338	0	434.23977	261874	0.0066	100	338
339	0	434.25261	94756	0.0069	100	-1
340	0	434.73075	181994	0.0061	4.8	264
341	0	434.74194	158309	0.0071	4.18	-1
342	0	434.76486	104209	0.0091	100	-1
343	0	435.23336	100561	0.008	100	-1
344	0	435.25727	468470	0.0069	100	210
345	0	435.73655	206935	0.0065	100	404
346	0	435.75951	146887	0.006	100	210
347	0	435.77327	300999	0.0067	100	315
348	0	436.27538	109568	0.0082	100	315
349	0	436.70172	957655	0.0074	100	92
350	0	436.75475	195432	0.0077	100	-1
351	0	436.77689	91506	0.0081	100	315
352	0	437.20408	559335	0.0071	100	92
353	0	437.23216	1391033	0.0075	100	45
354	0	437.27388	132108	0.0083	100	315
355	0	437.66155	88960	0.0081	100	-1
356	0	437.70289	104972	0.0105	100	92
357	0	437.73374	498142	0.0071	100	45
358	0	437.86082	104890	0.009	100	-1
359	0	438.72589	129117	0.009	100	-1
360	0	438.74584	462239	0.0074	100	213
361	0	439.22892	88519	0.0086	100	-1
362	0	439.24802	245195	0.0076	100	213
363	0	439.75262	169101	0.0078	100	213
364	0	440.7196	230270	0.0069	100	379
365	0	441.21965	221366	0.0073	100	379
366	0	441.24433	115618	0.0081	100	-1
367	0	441.26851	181202	0.0059	2.18	-1
368	0	441.27772	137544	0.0145	1.66	-1
369	0	441.70491	91364	0.0086	100	-1
370	0	441.76963	120499	0.0084	100	-1
371	0	441.91718	110526	0.0091	100	-1
372	0	442.2536	105920	0.0078	100	-1
373	0	442.75728	97684	0.0097	100	-1
374	0	442.87788	119108	0.0098	100	-1
375	0	442.89195	85923	0.0096	100	-1
376	0	443.23308	115492	0.0138	100	-1
377	0	443.26077	459752	0.0085	100	214
378	0	443.54851	90827	0.0105	100	-1
379	0	443.56419	195284	0.0073	100	-1
380	0	443.76338	237091	0.0069	100	214
381	0	443.89878	113244	0.0067	100	-1
382	0	443.91111	116854	0.0059	100	-1
383	0	444.19072	117019	0.009	100	-1
384	0	444.23163	133830	0.006	100	-1
385	0	444.58098	163623	0.0078	100	-1
386	0	444.91187	164636	0.0085	100	-1
387	0	444.95801	76426	0.0081	100	-1
388	0	445.25191	90783	0.0099	100	-1
389	0	445.26942	83228	0.0087	100	-1
390	0	445.49689	87178	0.0087	100	-1
391	0	445.55223	83646	0.0089	100	-1
392	0	445.7311	1066208	0.0078	100	73
393	0	445.75857	887542	0.0084	100	102
394	0	445.77279	133406	0.0069	100	-1
395	0	445.88477	86739	0.0089	100	-1
396	0	446.23219	532214	0.0075	4.96	73
397	0	446.24504	527559	0.0072	9.6	102
398	0	446.25882	343280	0.0083	6.25	-1
399	0	446.57968	497993	0.0072	100	196
400	0	446.71959	125481	0.0075	100	73
401	0	446.74445	125418	0.0082	100	196
402	0	446.75975	264822	0.007	100	102
403	0	446.91357	182707	0.0077	100	196
404	0	447.23719	910205	0.0077	100	98
405	0	447.27016	84297	0.0088	100	102
406	0	447.4385	1003688	0.0076	100	98
407	0	447.55049	1032689	0.0079	100	80
408	0	447.63863	1235299	0.0076	100	98
409	0	447.83944	465327	0.0075	100	98
410	0	447.88547	461124	0.008	100	80
411	0	448.00425	101195	0.0093	100	-1
412	0	448.03973	290430	0.0075	100	98
413	0	448.21845	294928	0.0082	100	80
414	0	448.24093	73754	0.0075	100	98
415	0	448.25476	255125	0.0077	100	55
416	0	448.27124	162808	0.0068	100	-1
417	0	448.77177	98737	0.0085	100	-1
418	0	448.88274	130075	0.011	100	-1
419	0	448.92587	384940	0.0075	100	-1
420	0	449.22839	114195	0.0097	100	-1
421	0	449.25967	473963	0.0075	7.22	209
422	0	449.27365	299876	0.0073	4.57	317
423	0	449.71826	167796	0.0076	100	-1
424	0	449.73663	262967	0.0073	100	355
425	0	449.77677	127149	0.0097	1.97	317
426	0	449.78132	72882	0.0126	1.13	-1
427	0	449.79628	173120	0.0085	100	-1
428	0	450.23756	185238	0.0073	100	355
429	0	450.26305	171074	0.0075	100	209
430	0	450.28708	169153	0.0068	100	317
431	0	450.76217	263498	0.0086	100	-1
432	0	450.78744	77648	0.0089	100	317
433	0	451.22809	277734	0.0072	100	339
434	0	451.25176	200401	0.0072	100	209
435	0	451.73186	120131	0.011	100	339
436	0	451.7579	674590	0.0078	100	139
437	0	452.21576	86708	0.0083	100	-1
438	0	452.25691	633745	0.0082	100	139
439	0	452.27924	90396	0.0081	100	-1
440	0	452.60197	343963	0.0079	100	287
441	0	452.7577	403308	0.0078	100	139
442	0	452.88967	99627	0.0088	100	-1
443	0	452.93865	81740	0.0085	100	287
444	0	453.22803	100561	0.0088	100	-1
445	0	453.25908	162938	0.0087	100	287
446	0	453.73819	122254	0.0103	100	387
447	0	453.75451	97459	0.0104	100	-1
448	0	454.23453	219472	0.0078	100	387
449	0	454.27725	196425	0.0072	100	-1
450	0	454.59706	106889	0.009	100	-1
451	0	454.75367	290214	0.0085	100	327
452	0	454.77857	105058	0.0113	100	-1
453	0	455.23471	414307	0.0079	100	237
454	0	455.25434	229071	0.0083	100	327
455	0	455.73447	186199	0.006	100	237
456	0	456.23264	183985	0.0069	100	237
457	0	456.25239	84034	0.0115	100	-1
458	0	456.57836	74955	0.0093	100	-1
459	0	456.74987	992489	0.0082	100	237
460	0	457.01947	97118	0.0095	100	-1
461	0	457.25345	691202	0.0081	100	86
462	0	457.26949	117474	0.0083	100	-1
463	0	457.2892	209174	0.0081	100	402
464	0	457.58179	132702	0.0125	100	-1
465	0	457.75531	374770	0.008	100	86
466	0	457.78184	725785	0.0101	100	402
467	0	457.91134	898161	0.0083	100	-1
468	0	457.93185	103688	0.0096	100	-1
469	0	458.24526	571136	0.0083	100	86
470	0	458.27768	364549	0.0105	100	402
471	0	458.50369	126300	0.0092	100	-1
472	0	458.57978	241499	0.008	100	305
473	0	458.59731	362697	0.0076	100	-1
474	0	458.73972	87688	0.0104	2.23	-1
475	0	458.75418	309455	0.0078	7.87	305
476	0	458.77077	266348	0.0072	4.0	129
477	0	458.78315	173122	0.0095	2.6	402
478	0	458.91792	85316	0.0081	100	-1
479	0	458.93165	220425	0.0074	100	305
480	0	459.02957	92293	0.0084	100	-1
481	0	459.22932	239443	0.0072	100	-1
482	0	459.26797	103551	0.0153	100	129
483	0	459.58938	84906	0.0085	100	-1
484	0	459.63002	75467	0.0089	100	-1
485	0	459.90829	302542	0.0079	100	312
486	0	460.24531	217578	0.0077	100	312
487	0	460.28392	350276	0.0077	100	284
488	0	460.56855	119131	0.0124	100	312
489	0	460.71054	276078	0.0078	100	341
490	0	460.73472	165153	0.0072	4.39	-1
491	0	460.74879	98429	0.01	2.62	-1
492	0	460.76557	92009	0.0109	100	-1
493	0	460.78531	247915	0.0077	100	284
494	0	461.21281	131133	0.0099	100	341
495	0	461.25622	181245	0.0076	100	-1
496	0	461.27301	154624	0.0074	3.36	284
497	0	461.2862	114307	0.0094	2.48	-1
498	0	461.7763	110875	0.0093	100	284
499	0	461.92366	203493	0.0072	100	-1
500	0	462.23522	457215	0.0077	100	217
501	0	462.25805	213751	0.0075	100	396
502	0	462.73786	294383	0.0083	100	217
503	0	462.93332	109440	0.0093	100	-1
504	0	463.10558	1984093	0.0081	100	32
505	0	463.23933	187171	0.0075	100	217
506	0	463.54559	118651	0.0092	100	-1
507	0	463.57574	124498	0.0078	100	-1
508	0	463.59223	338502	0.0084	100	291
509	0	463.92684	215305	0.0075	100	291
510	0	464.10858	450669	0.0081	100	32
511	0	464.18994	94146	0.009	100	-1
512	0	464.22753	210908	0.0101	100	399
513	0	464.24647	1053278	0.0081	16.5	76
514	0	464.26021	102654	0.0258	1.61	291
515	0	464.28594	270410	0.0077	100	347
516	0	464.47928	117671	0.0097	100	347
517	0	464.72799	210005	0.0096	100	399
518	0	464.74771	609931	0.0081	100	76
519	0	464.77538	112012	0.0101	100	405
520	0	465.10097	346947	0.0079	100	32
521	0	465.27545	206462	0.01	100	405
522	0	465.56801	388588	0.008	100	252
523	0	465.75324	95945	0.0095	100	-1
524	0	465.90203	212354	0.0075	100	252
525	0	466.2198	185586	0.008	100	-1
526	0	466.23592	161299	0.0073	100	252
527	0	466.91736	116808	0.0089	100	-1
528	0	467.24328	105155	0.0087	100	-1
529	0	467.71842	356173	0.0079	100	275
530	0	467.75249	204383	0.0074	100	-1
531	0	468.22004	294294	0.008	4.26	275
532	0	468.23549	508278	0.0085	7.35	189
533	0	468.58571	199427	0.0086	100	-1
534	0	468.73379	343228	0.0087	100	275
535	0	469.23346	95741	0.0095	100	275
536	0	469.59978	145488	0.008	100	-1
537	0	469.72307	202739	0.0087	100	189
538	0	469.79275	187536	0.0079	100	-1
539	0	470.22869	103471	0.0112	100	-1
540	0	470.59479	121969	0.0088	100	-1
541	0	470.78152	291987	0.0082	100	-1
542	0	470.92849	223539	0.0079	100	-1
543	0	471.28036	118823	0.0111	100	-1
544	0	472.27304	112000	0.0103	100	-1
545	0	472.3115	539860	0.008	100	-1
546	0	472.7918	364190	0.0086	100	268
547	0	473.221	195192	0.0078	100	-1
548	0	473.26109	1549066	0.0084	22.2	40
549	0	473.27572	158040	0.0084	2.27	-1
550	0	473.29199	311596	0.0078	100	268
551	0	473.72284	106703	0.009	100	-1
552	0	473.76213	962927	0.0085	100	40
553	0	473.79254	100679	0.0096	100	268
554	0	473.90557	168194	0.0096	100	-1
555	0	474.24033	99528	0.0113	100	-1
556	0	474.26391	201975	0.0066	100	40
557	0	474.28129	357352	0.0076	100	268
558	0	474.53472	285819	0.0081	100	330
559	0	474.57241	106222	0.0097	100	-1
560	0	474.74827	835480	0.0082	11.81	109
561	0	474.76229	120849	0.0277	1.71	40
562	0	474.78265	121988	0.0111	100	330
563	0	474.86791	254073	0.0083	100	363
564	0	475.01237	125498	0.0098	100	-1
565	0	475.20403	191516	0.0072	100	363
566	0	475.25013	346554	0.0085	100	109
567	0	475.75073	278620	0.0084	100	109
568	0	476.23136	278819	0.0085	100	336
569	0	476.25201	115880	0.0116	100	109
570	0	476.56929	106669	0.0091	100	336
571	0	476.73265	130056	0.0122	100	-1
572	0	476.75492	83599	0.0092	100	-1
573	0	476.77144	381417	0.0083	100	257
574	0	476.79414	95699	0.0093	100	-1
575	0	476.88973	98798	0.0094	100	336
576	0	477.27259	199318	0.0085	100	257
577	0	477.55266	294343	0.0091	100	-1
578	0	477.7319	176111	0.0074	100	-1
579	0	477.88593	390344	0.008	100	251
580	0	478.21917	249778	0.0093	100	251
581	0	478.24577	146750	0.0067	100	-1
582	0	478.76044	165971	0.009	100	-1
583	0	479.28299	198455	0.0073	100	-1
584	0	479.7794	171277	0.0098	100	-1
585	0	479.80061	424630	0.0079	100	230
586	0	480.26072	199150	0.0075	100	-1
587	0	480.30199	264375	0.0083	100	230
588	0	480.78155	156950	0.0101	100	-1
589	0	481.58348	129401	0.0101	100	-1
590	0	481.61224	150448	0.0101	100	-1
591	0	481.76921	93138	0.0096	100	-1
592	0	481.91674	168775	0.0101	100	-1
593	0	482.07824	103294	0.0093	100	-1
594	0	482.2147	353307	0.008	100	280
595	0	482.25097	119464	0.01	100	-1
596	0	482.54853	252695	0.0084	100	280
597	0	482.72864	107788	0.0087	100	-1
598	0	482.75205	453012	0.0082	100	-1
599	0	482.88217	106992	0.0094	100	280
600	0	483.25068	576609	0.0089	100	-1
601	0	483.55036	115209	0.0107	100	-1
602	0	483.57979	98512	0.0096	100	283
603	0	483.75006	352473	0.0108	100	283
604	0	484.32438	100880	0.0096	100	-1
605	0	484.55447	94043	0.0097	100	-1
606	0	484.59332	584273	0.0083	100	-1
607	0	484.74388	334862	0.0088	100	25
608	0	484.79866	95699	0.0099	100	-1
609	0	484.90317	265398	0.0085	100	-1
610	0	484.92677	452815	0.0083	100	25
611	0	485.0874	2476934	0.0087	100	25
612	0	485.25874	113482	0.0082	100	25
613	0	485.30164	268032	0.0092	100	349
614	0	485.57902	196298	0.0072	100	-1
615	0	485.62726	147772	0.0089	100	349
616	0	485.78642	320380	0.0082	9.67	-1
617	0	485.80282	225098	0.0085	6.79	-1
618	0	485.91416	160751	0.0081	100	254
619	0	485.92974	110181	0.0076	100	-1
620	0	486.09008	386952	0.0087	100	254
621	0	486.27114	214166	0.0087	100	254
622	0	487.06354	1640651	0.0087	32.83	-1
623	0	487.08304	392333	0.0087	7.85	-1
624	0	487.20324	345580	0.0091	100	234
625	0	487.26065	119189	0.0122	100	-1
626	0	487.53613	419426	0.0103	100	234
627	0	487.75055	241866	0.0096	100	160
628	0	487.87085	189561	0.0062	100	234
629	0	488.06582	336033	0.0089	100	295
630	0	488.26015	587211	0.0096	100	160
631	0	488.62759	300239	0.0083	100	316
632	0	488.74893	3818361	0.0088	100	12
633	0	488.77776	137514	0.0094	100	160
634	0	488.96143	106034	0.0094	100	316
635	0	489.05979	248523	0.0081	100	295
636	0	489.25085	2102839	0.009	46.54	12
637	0	489.27396	1195449	0.0091	26.46	160
638	0	489.4928	112834	0.0097	100	-1
639	0	489.58999	358478	0.0087	100	274
640	0	489.75119	508085	0.0116	100	12
641	0	489.77515	847932	0.0092	100	59
642	0	489.92576	235675	0.0093	100	274
643	0	490.27586	198266	0.0075	100	274
644	0	490.59999	377489	0.0086	100	274
645	0	490.75214	354520	0.0089	100	277
646	0	490.7778	113095	0.0104	100	59
647	0	490.93214	152574	0.008	100	274
648	0	491.24032	510145	0.0084	100	188
649	0	491.5755	262326	0.0087	100	188
650	0	491.75584	134434	0.0102	100	277
651	0	491.87218	211129	0.0088	100	-1
652	0	492.24563	90655	0.0102	100	-1
653	0	492.27238	197266	0.0095	100	-1
654	0	492.31138	107552	0.0087	100	-1
655	0	492.53162	352566	0.0091	100	-1
656	0	492.79489	1959352	0.0088	100	-1
657	0	492.86511	263228	0.0085	100	-1
658	0	493.28117	233054	0.0264	1.01	-1
659	0	493.29464	2132254	0.0091	9.2	-1
660	0	493.70758	110418	0.0092	100	-1
661	0	493.73261	271797	0.0087	100	408
662	0	493.78183	1406732	0.0089	3.12	-1
663	0	493.79588	650524	0.0242	1.44	-1
664	0	493.91494	125388	0.0118	100	-1
665	0	494.23411	205163	0.0086	100	408
666	0	494.28363	556198	0.0091	4.81	174
667	0	494.29792	216215	0.0244	1.87	-1
668	0	494.78795	217784	0.0079	100	174
669	0	494.94874	102536	0.01	100	-1
670	0	495.26977	4110230	0.0091	100	11
671	0	495.73636	115283	0.0146	100	-1
672	0	495.77145	2194214	0.0089	100	11
673	0	495.80723	276132	0.0083	100	340
674	0	495.93444	841459	0.0087	100	-1
675	0	496.20071	95926	0.0129	100	-1
676	0	496.22224	186223	0.0085	100	-1
677	0	496.2707	1059836	0.0099	100	11
678	0	496.30987	188604	0.0079	100	340
679	0	496.60323	279748	0.0089	100	-1
680	0	496.72985	130898	0.0128	100	-1
681	0	496.77404	363890	0.0092	100	11
682	0	496.86208	154668	0.0096	100	-1
683	0	496.91431	96427	0.0102	100	-1
684	0	497.19397	418242	0.0086	100	235
685	0	497.27346	362214	0.0105	100	-1
686	0	497.5292	240693	0.0084	100	235
687	0	497.59483	123212	0.0076	100	-1
688	0	497.86382	234261	0.0083	100	235
689	0	497.92466	143489	0.0088	100	-1
690	0	497.9904	181555	0.0089	100	-1
691	0	498.19594	141666	0.011	100	235
692	0	498.24046	165537	0.0077	100	-1
693	0	498.2795	108613	0.0174	100	-1
694	0	498.30261	253474	0.0087	100	364
695	0	498.50079	409331	0.0088	100	240
696	0	498.65123	865819	0.0088	100	105
697	0	498.7517	357412	0.0101	100	240
698	0	498.77642	826005	0.0088	100	111
699	0	498.80281	197316	0.009	100	364
700	0	498.98603	858254	0.0087	20.28	105
701	0	499.00233	186963	0.0087	4.42	240
702	0	499.23126	544295	0.0088	100	180
703	0	499.25247	128946	0.0096	100	240
704	0	499.27912	833752	0.0095	100	111
705	0	499.32062	240493	0.0082	100	364
706	0	499.65381	101357	0.0097	100	105
707	0	499.73282	398673	0.009	100	180
708	0	499.78089	1282881	0.01	100	111
709	0	499.93578	215396	0.0096	100	-1
710	0	500.24716	177520	0.0081	100	180
711	0	500.28396	423226	0.0103	100	111
712	0	500.78549	336449	0.01	100	51
713	0	501.28694	463033	0.0103	100	51
714	0	501.78653	218621	0.0078	100	389
715	0	502.18282	280947	0.0094	100	335
716	0	502.26236	495975	0.0095	100	-1
717	0	502.51753	159515	0.0097	100	335
718	0	502.76434	240813	0.0089	100	-1
719	0	502.84998	103062	0.0105	100	335
720	0	502.958	118639	0.0115	100	-1
721	0	503.25805	112625	0.0151	100	-1
722	0	503.75467	283043	0.0083	100	-1
723	0	503.78107	795770	0.0091	100	115
724	0	503.80937	121599	0.0088	100	-1
725	0	503.89849	95226	0.0108	100	-1
726	0	504.25261	614627	0.0097	6.93	150
727	0	504.26801	172131	0.0275	8.26	-1
728	0	504.28438	371104	0.0089	17.81	115
729	0	504.31709	210867	0.009	100	-1
730	0	504.73894	472369	0.0085	3.66	150
731	0	504.75467	328407	0.0089	2.54	-1
732	0	504.78749	104708	0.0077	100	115
733	0	504.92106	104159	0.0112	100	-1
734	0	505.24124	177131	0.0079	3.82	-1
735	0	505.25489	178163	0.0076	3.85	150
736	0	505.27418	199148	0.0094	3.54	-1
737	0	505.28975	207544	0.0086	3.69	115
738	0	505.61862	483174	0.0105	100	202
739	0	505.92088	614473	0.0093	100	151
740	0	505.95214	482256	0.0096	100	202
741	0	506.25527	375921	0.0107	100	151
742	0	506.28628	507097	0.0095	100	202
743	0	506.33736	337716	0.0098	100	293
744	0	506.58989	206031	0.0092	100	151
745	0	506.84062	290337	0.0088	100	293
746	0	507.06979	976793	0.0089	100	88
747	0	507.28801	191436	0.0085	100	191
748	0	507.96877	693087	0.0095	100	136
749	0	508.07248	158914	0.0103	100	88
750	0	508.2769	204805	0.0084	100	191
751	0	508.30306	664226	0.0092	100	136
752	0	508.53442	101583	0.0104	100	-1
753	0	508.63694	236339	0.0089	100	136
754	0	508.78878	105749	0.0084	3.45	-1
755	0	508.80299	277934	0.0085	9.06	-1
756	0	508.9459	146746	0.0069	100	-1
757	0	508.96353	187232	0.0063	100	136
758	0	509.06623	102398	0.0102	100	88
759	0	509.2664	886857	0.0105	100	103
760	0	509.30186	304648	0.0079	100	136
761	0	509.62907	219840	0.0088	100	136
762	0	509.7682	805025	0.0099	100	103
763	0	509.80023	578639	0.0096	100	164
764	0	509.9161	128752	0.0107	100	-1
765	0	509.93583	217103	0.0092	100	393
766	0	510.25787	398536	0.0091	2.49	-1
767	0	510.27776	700807	0.0115	4.38	393
768	0	510.29998	439536	0.0092	100	164
769	0	510.59115	110688	0.0089	100	366
770	0	510.73618	365876	0.0091	100	266
771	0	510.7602	163670	0.0096	3.05	-1
772	0	510.77735	699131	0.0093	13.04	103
773	0	510.80557	125263	0.0091	100	164
774	0	510.92141	249673	0.0095	100	366
775	0	511.23777	144679	0.008	100	366
776	0	511.25589	200301	0.0099	100	266
777	0	511.28044	557331	0.0101	100	173
778	0	511.78149	191668	0.0086	100	173
779	0	512.28259	123384	0.0122	100	173
780	0	512.57668	94618	0.0108	100	-1
781	0	512.76048	228315	0.011	100	298
782	0	513.26204	321619	0.0093	100	298
783	0	513.30861	5199943	0.0098	100	7
784	0	513.60771	201556	0.0093	100	-1
785	0	513.63501	463844	0.0096	100	212
786	0	513.8095	3100438	0.0095	100	7
787	0	513.96831	306502	0.0098	100	212
788	0	514.02047	154678	0.0104	100	-1
789	0	514.31157	897860	0.0095	100	212
790	0	514.7562	203593	0.01	100	-1
791	0	514.80545	894074	0.011	100	7
792	0	514.96496	20339850	0.0095	100	1
793	0	515.29926	16652622	0.0098	100	1
794	0	515.46857	99333	0.0105	100	-1
795	0	515.6333	8179997	0.0096	100	1
796	0	515.67009	201562	0.0077	100	-1
797	0	515.75615	328950	0.0085	17.25	-1
798	0	515.77401	365023	0.0089	19.14	-1
799	0	515.8045	119223	0.0116	100	-1
800	0	515.95004	234348	0.0316	1.67	249
801	0	515.96712	3188169	0.0096	22.75	1
802	0	516.01662	1782314	0.0093	100	-1
803	0	516.25598	283054	0.0091	100	333
804	0	516.28398	392043	0.0098	3.98	249
805	0	516.30064	812520	0.0091	8.24	1
806	0	516.60296	115871	0.0148	100	249
807	0	516.63482	193467	0.0091	100	1
808	0	516.75878	248193	0.0122	100	333
809	0	516.77989	264061	0.009	100	222
810	0	516.81406	114312	0.0122	100	-1
811	0	516.9275	190774	0.0097	100	249
812	0	516.94757	104702	0.0136	100	-1
813	0	517.01948	440183	0.0094	100	222
814	0	517.26089	177722	0.0078	100	333
815	0	517.78451	538971	0.0097	100	181
816	0	518.01312	202144	0.0082	100	-1
817	0	518.26254	580194	0.0099	7.28	163
818	0	518.28634	252991	0.0104	3.17	181
819	0	518.30752	212668	0.0086	100	-1
820	0	518.7667	411701	0.0093	7.27	163
821	0	518.78691	127302	0.0133	2.25	181
822	0	518.92948	472264	0.0097	100	144
823	0	519.26228	660516	0.0104	15.88	144
824	0	519.28397	331580	0.0097	7.97	181
825	0	519.51823	105324	0.0105	100	-1
826	0	519.59648	167418	0.01	100	144
827	0	519.63461	213689	0.0091	100	-1
828	0	519.74653	88488	0.0095	85.56	-1
829	0	519.76318	322038	0.0103	311.39	-1
830	0	519.78567	119526	0.0117	100	163
831	0	519.96883	152124	0.0119	100	-1
832	0	520.2484	242710	0.0086	100	369
833	0	520.28701	131888	0.0112	100	-1
834	0	520.31227	139445	0.0111	100	-1
835	0	520.76396	424173	0.0097	100	232
836	0	521.2475	185506	0.0091	100	369
837	0	521.27764	613409	0.0095	100	152
838	0	521.63646	109561	0.0122	100	-1
839	0	521.77934	620558	0.0097	100	232
840	0	521.80658	884226	0.0096	100	104
841	0	521.91786	89594	0.0118	100	-1
842	0	521.94082	217973	0.0085	100	390
843	0	522.30812	523978	0.0093	100	104
844	0	522.75253	97063	0.0124	100	-1
845	0	522.77318	399949	0.01	100	232
846	0	522.92353	831245	0.0096	14.96	110
847	0	522.94209	131213	0.0116	2.36	390
848	0	523.25718	521184	0.0092	4.56	110
849	0	523.27428	363249	0.01	3.18	-1
850	0	523.50575	115485	0.0104	100	-1
851	0	523.59274	294879	0.0093	100	110
852	0	523.77934	290461	0.0103	100	-1
853	0	523.92406	172688	0.0101	100	110
854	0	524.22131	523231	0.0094	100	-1
855	0	524.23982	96460	0.0113	100	-1
856	0	524.2624	153851	0.0076	3.56	110
857	0	524.27949	408420	0.0105	9.45	-1
858	0	524.52974	358798	0.0101	100	-1
859	0	524.72157	292593	0.0093	100	-1
860	0	524.76256	184175	0.0121	2.2	-1
861	0	524.78006	595109	0.0097	7.12	-1
862	0	524.9503	259363	0.0086	100	-1
863	0	525.02956	162732	0.0085	100	-1
864	0	525.22357	189268	0.0093	100	-1
865	0	525.27958	366707	0.0139	100	-1
866	0	525.31326	618623	0.0114	100	-1
867	0	525.75538	502443	0.0098	100	-1
868	0	525.8126	493493	0.011	100	381
869	0	526.26073	266025	0.018	1.09	-1
870	0	526.26632	258827	0.0182	1.06	-1
871	0	526.30893	229156	0.0117	100	381
872	0	526.57712	128730	0.0126	100	-1
873	0	526.61313	117616	0.0124	100	-1
874	0	526.76937	240147	0.0285	1.79	-1
875	0	526.78675	431427	0.0101	3.22	226
876	0	526.91153	169504	0.0088	100	-1
877	0	527.24703	102607	0.013	100	-1
878	0	527.27139	287149	0.0095	8.94	226
879	0	527.28575	216902	0.0071	6.75	-1
880	0	527.6163	96679	0.011	100	-1
881	0	527.94935	195624	0.0087	100	-1
882	0	528.28997	187736	0.0099	100	-1
883	0	528.30876	129100	0.0117	100	-1
884	0	528.61584	115121	0.0125	100	-1
885	0	528.63446	165652	0.0112	100	-1
886	0	528.73815	115802	0.011	100	-1
887	0	528.75855	112082	0.0135	100	-1
888	0	528.80635	120682	0.0113	100	-1
889	0	528.96683	165662	0.0112	100	-1
890	0	529.23808	214559	0.0098	100	-1
891	0	529.30411	190538	0.0096	100	-1
892	0	529.60302	114334	0.0114	100	286
893	0	529.7917	345117	0.0114	100	286
894	0	530.01423	197602	0.0104	100	286
895	0	530.26502	327209	0.0106	14.36	297
896	0	530.28724	666459	0.0109	29.26	143
897	0	530.32504	192667	0.0104	100	-1
898	0	530.51719	159544	0.0105	100	297
899	0	530.78785	262314	0.0102	100	297
900	0	530.80715	134433	0.0093	100	-1
901	0	530.92341	243794	0.0098	100	-1
902	0	531.00736	101506	0.0126	100	-1
903	0	531.24152	177180	0.0086	100	-1
904	0	531.2863	252468	0.0096	100	-1
905	0	531.31025	371637	0.0092	100	143
906	0	531.78037	193400	0.0081	100	-1
907	0	531.81229	122351	0.0118	100	143
908	0	532.29076	302460	0.0087	100	-1
909	0	532.59825	931726	0.01	100	-1
910	0	532.79356	123894	0.0117	100	-1
911	0	532.93344	992802	0.0113	100	85
912	0	533.2667	730896	0.0118	100	85
913	0	533.56335	102516	0.0132	100	-1
914	0	533.59947	250204	0.0097	100	85
915	0	533.7546	160140	0.01	100	-1
916	0	533.78324	127279	0.0102	100	-1
917	0	533.81578	1322415	0.0099	100	48
918	0	533.8961	109749	0.0122	100	-1
919	0	533.93637	124058	0.0105	100	85
920	0	534.26906	326062	0.0102	100	85
921	0	534.31388	2717827	0.0102	100	48
922	0	534.6069	1372606	0.0103	100	85
923	0	534.75341	410710	0.0098	2.06	-1
924	0	534.77073	2364464	0.01	11.84	-1
925	0	534.81472	1369122	0.0106	100	48
926	0	534.94076	1221532	0.01	100	30
927	0	534.97578	391518	0.0096	100	-1
928	0	535.27311	2034246	0.0102	100	30
929	0	535.31372	570740	0.0111	100	48
930	0	535.60704	171949	0.0107	100	30
931	0	535.64346	226591	0.0098	100	-1
932	0	535.77284	433210	0.0104	100	225
933	0	535.81894	106086	0.0119	100	20
934	0	535.93717	190167	0.0115	100	30
935	0	536.26759	749490	0.0116	100	225
936	0	536.30817	306933	0.0113	100	307
937	0	536.60017	248910	0.0106	100	30
938	0	536.82208	482020	0.01	100	307
939	0	536.94755	267261	0.0079	100	-1
940	0	537.23513	166055	0.0103	100	-1
941	0	537.29471	2597580	0.0102	100	22
942	0	537.32238	120684	0.01	100	307
943	0	537.56912	169773	0.0107	100	-1
944	0	537.79624	1509565	0.0102	100	22
945	0	538.26544	258889	0.0096	100	358
946	0	538.29747	567127	0.0098	100	22
947	0	538.64177	176602	0.0098	100	-1
948	0	538.76479	206916	0.0099	100	358
949	0	538.79964	180916	0.0099	100	22
950	0	538.81733	119938	0.0133	100	-1
951	0	539.26531	1047467	0.0098	7.18	77
952	0	539.2821	486168	0.0097	3.33	358
953	0	539.76559	435038	0.0098	6.41	77
954	0	539.7822	229998	0.0098	4.42	201
955	0	539.79682	162659	0.0083	3.13	358
956	0	539.95341	106745	0.0125	100	-1
957	0	540.26738	179046	0.0103	4.17	77
958	0	540.28358	128884	0.0121	3.0	201
959	0	540.31019	274052	0.0101	100	344
960	0	540.58891	156651	0.0103	100	-1
961	0	540.75577	120469	0.0142	100	-1
962	0	540.78022	321824	0.0101	100	201
963	0	540.80587	101352	0.0104	100	314
964	0	540.8236	321352	0.0095	100	344
965	0	540.88788	93762	0.0118	100	-1
966	0	540.95756	859377	0.01	100	106
967	0	541.25545	292803	0.0104	100	326
968	0	541.29348	672148	0.0102	100	106
969	0	541.32534	301460	0.0101	100	344
970	0	541.54818	159666	0.0114	100	-1
971	0	541.62534	231627	0.0102	100	106
972	0	541.73791	95323	0.0122	100	-1
973	0	541.75741	183482	0.0089	100	326
974	0	541.81844	531049	0.0104	100	344
975	0	541.88244	115403	0.0115	100	-1
976	0	542.27574	359930	0.0095	100	326
977	0	542.32322	578629	0.01	100	314
978	0	542.77594	371502	0.0106	100	326
979	0	542.82275	679450	0.0108	100	165
980	0	543.26332	1326060	0.0101	100	326
981	0	543.32319	291350	0.0108	100	165
982	0	543.56308	274877	0.011	100	343
983	0	543.59879	1392579	0.0104	100	44
984	0	543.81312	423763	0.0104	100	138
985	0	543.93296	553206	0.0101	100	44
986	0	543.9632	199374	0.009	100	-1
987	0	544.06527	267782	0.0109	100	343
988	0	544.26601	141033	0.0086	100	44
989	0	544.29558	352790	0.014	100	138
990	0	544.52856	281260	0.0104	100	-1
991	0	544.77809	204742	0.0094	100	138
992	0	544.93472	115254	0.0117	100	-1
993	0	545.32829	464590	0.0095	100	211
994	0	546.21154	204225	0.0095	100	-1
995	0	546.27301	237526	0.0095	100	-1
996	0	546.29463	93034	0.0103	100	-1
997	0	546.31323	236212	0.0095	6.33	211
998	0	546.33066	177200	0.0096	4.75	-1
999	0	546.77209	178259	0.0085	100	-1
1000	0	546.82111	353231	0.0121	100	281
1001	0	546.94527	162846	0.0125	100	-1
1002	0	547.07212	252978	0.0118	100	149
1003	0	547.32069	625058	0.0106	100	211
1004	0	547.5673	121522	0.0116	100	149
1005	0	547.80225	272947	0.0097	100	149
1006	0	547.82173	220263	0.0096	100	281
1007	0	547.96445	3672767	0.0104	100	13
1008	0	548.04387	156320	0.0102	100	149
1009	0	548.26024	146605	0.0096	100	-1
1010	0	548.29861	3089938	0.0106	100	149
1011	0	548.63302	1617567	0.0109	100	13
1012	0	548.78072	209048	0.0093	5.22	-1
1013	0	548.79878	194431	0.0096	4.85	-1
1014	0	548.96607	549568	0.0107	100	13
1015	0	549.26928	351846	0.0113	100	-1
1016	0	549.30069	166706	0.0153	1.8	13
1017	0	549.31024	95447	0.0191	1.03	-1
1018	0	549.60334	109128	0.0119	100	-1
1019	0	549.8043	125928	0.0125	100	-1
1020	0	550.26159	379909	0.0103	5.37	258
1021	0	550.27572	241777	0.0081	3.42	370
1022	0	550.32296	245046	0.0103	100	-1
1023	0	550.59814	205747	0.0105	100	258
1024	0	550.77815	153445	0.0107	100	370
1025	0	550.80475	217800	0.012	100	-1
1026	0	550.9312	225141	0.0102	100	258
1027	0	551.20009	177171	0.0094	100	-1
1028	0	551.29872	247976	0.0095	100	-1
1029	0	551.55155	126218	0.012	100	-1
1030	0	551.78119	1278269	0.0104	6.91	52
1031	0	551.79898	392585	0.0112	2.12	-1
1032	0	551.93194	159169	0.0109	100	-1
1033	0	551.94992	173221	0.0104	100	-1
1034	0	552.24333	192084	0.0094	100	-1
1035	0	552.2825	766643	0.0101	8.47	52
1036	0	552.29834	215049	0.0088	2.38	-1
1037	0	552.58178	177782	0.0094	100	-1
1038	0	552.77912	264118	0.012	2.18	-1
1039	0	552.79643	752048	0.0104	6.19	52
1040	0	553.2804	189521	0.0122	2.12	-1
1041	0	553.29817	585444	0.0106	6.56	52
1042	0	553.79884	247959	0.01	100	52
1043	0	553.99055	125710	0.012	100	-1
1044	0	554.25938	401720	0.0103	100	246
1045	0	554.76151	310745	0.0106	100	246
1046	0	554.78933	230127	0.0109	100	380
1047	0	555.26102	146890	0.0128	2.29	-1
1048	0	555.27885	325360	0.0109	5.08	246
1049	0	555.31071	173050	0.0096	100	380
1050	0	555.72213	1840163	0.0106	100	35
1051	0	555.77574	1317141	0.011	100	246
1052	0	555.95063	206342	0.0107	100	-1
1053	0	556.06258	186923	0.0107	100	-1
1054	0	556.2236	941600	0.0104	100	35
1055	0	556.27661	1006940	0.0122	100	246
1056	0	556.31038	1020710	0.0105	100	-1
1057	0	556.56628	130067	0.0123	100	-1
1058	0	556.61884	106424	0.0124	100	-1
1059	0	556.7243	691714	0.011	100	35
1060	0	556.78112	241661	0.0109	100	49
1061	0	556.81207	567461	0.0102	100	-1
1062	0	556.93396	112413	0.0109	100	-1
1063	0	556.981	250829	0.0118	100	-1
1064	0	557.27013	432023	0.0111	100	49
1065	0	557.31567	188241	0.0095	100	-1
1066	0	557.79803	244602	0.0097	100	-1
1067	0	557.99076	128632	0.0114	100	-1
1068	0	558.79524	6231696	0.0109	100	5
1069	0	559.04607	7145296	0.0107	100	5
1070	0	559.29651	5259759	0.0111	100	5
1071	0	559.54685	2135666	0.0109	100	5
1072	0	559.6343	314351	0.0113	100	304
1073	0	559.79732	1099711	0.0116	100	5
1074	0	559.92988	612333	0.0106	100	153
1075	0	559.96966	396737	0.0106	100	304
1076	0	560.04826	391708	0.0103	100	5
1077	0	560.26319	564343	0.0105	100	153
1078	0	560.29829	316388	0.0112	100	304
1079	0	560.59859	523133	0.0105	100	153
1080	0	560.77553	375767	0.0109	100	-1
1081	0	561.27844	212535	0.0084	100	244
1082	0	561.30085	173905	0.0098	2.32	-1
1083	0	561.31822	338142	0.0107	4.52	292
1084	0	561.79849	404380	0.0102	6.17	244
1085	0	561.81798	323269	0.0108	4.93	292
1086	0	561.93945	304147	0.0113	100	168
1087	0	562.27768	570954	0.0122	10.88	168
1088	0	562.30138	706853	0.0105	13.46	244
1089	0	562.32085	191062	0.0098	3.01	292
1090	0	562.60786	241048	0.012	100	168
1091	0	562.78025	114396	0.0127	100	-1
1092	0	562.80301	403535	0.0106	100	292
1093	0	563.23308	165710	0.0111	100	-1
1094	0	563.31996	116153	0.0124	100	292
1095	0	563.95429	198959	0.0103	100	-1
1096	0	564.29004	198579	0.0106	100	-1
1097	0	564.63306	1352195	0.0109	100	47
1098	0	564.79732	425989	0.0127	100	229
1099	0	564.96822	819745	0.0112	100	47
1100	0	565.27637	143056	0.0103	100	229
1101	0	565.29972	588077	0.0087	9.4	-1
1102	0	565.31289	606203	0.0097	9.69	47
1103	0	565.60176	200002	0.0108	100	-1
1104	0	565.63558	165988	0.0119	100	47
1105	0	565.67385	191144	0.0108	100	-1
1106	0	565.78162	157760	0.0097	100	229
1107	0	565.81518	918578	0.0109	100	96
1108	0	565.9352	127077	0.0117	100	-1
1109	0	566.11414	283118	0.0103	100	332
1110	0	566.23289	687985	0.0109	100	-1
1111	0	566.27745	187235	0.0094	3.14	229
1112	0	566.2951	645248	0.0113	10.84	96
1113	0	566.31636	341341	0.011	2.96	332
1114	0	566.63321	249394	0.0109	100	-1
1115	0	566.66732	193956	0.0107	100	-1
1116	0	566.73455	465652	0.0107	100	-1
1117	0	566.79379	421186	0.0122	7.2	229
1118	0	566.81775	212693	0.0103	3.64	-1
1119	0	567.23424	237347	0.0104	100	-1
1120	0	567.29425	500394	0.0141	100	96
1121	0	568.31153	357304	0.0122	100	-1
1122	0	568.62394	116843	0.0109	100	-1
1123	0	568.64704	248883	0.0106	100	238
1124	0	568.80371	412463	0.011	100	238
1125	0	568.82255	136534	0.0104	3.65	-1
1126	0	568.84186	1009442	0.011	26.97	82
1127	0	568.98052	225418	0.0112	100	238
1128	0	569.28048	836515	0.012	100	108
1129	0	569.30994	481852	0.0104	100	206
1130	0	569.34269	522128	0.0104	100	82
1131	0	569.78277	628539	0.0114	100	108
1132	0	570.28558	274928	0.0114	100	108
1133	0	570.33006	401562	0.0103	100	206
1134	0	570.78668	175163	0.0115	100	108
1135	0	570.83347	168542	0.0098	100	-1
1136	0	571.28622	343779	0.0109	100	108
1137	0	571.31356	248211	0.0099	100	206
1138	0	571.7886	255858	0.0109	100	-1
1139	0	571.8134	125087	0.0118	100	-1
1140	0	572.24146	314502	0.0101	100	-1
1141	0	572.31422	404615	0.011	100	243
1142	0	572.78522	343706	0.0105	3.79	-1
1143	0	572.80279	227364	0.0119	2.51	243
1144	0	572.99323	120039	0.0124	100	-1
1145	0	573.26676	128222	0.0098	2.84	-1
1146	0	573.28519	362639	0.0108	8.04	243
1147	0	573.30421	130626	0.0127	100	-1
1148	0	573.53758	118915	0.0131	100	-1
1149	0	573.61885	266023	0.0107	100	-1
1150	0	573.74237	223115	0.0107	100	-1
1151	0	573.78668	425906	0.0112	8.01	243
1152	0	573.81017	835873	0.0111	15.71	-1
1153	0	574.24296	149557	0.0105	100	-1
1154	0	574.30325	1503474	0.0137	100	243
1155	0	574.80448	491057	0.0309	1.47	-1
1156	0	574.82248	1610031	0.0119	4.81	-1
1157	0	575.06861	194922	0.0118	100	-1
1158	0	575.30532	268052	0.0325	1.05	-1
1159	0	575.32293	1086272	0.0117	4.24	-1
1160	0	575.78757	262778	0.0112	100	-1
1161	0	575.8132	2193773	0.0118	100	28
1162	0	575.98042	188277	0.0108	100	-1
1163	0	576.2803	477564	0.0112	100	-1
1164	0	576.31552	1304733	0.0114	100	28
1165	0	576.61515	132502	0.0123	100	-1
1166	0	576.78222	335775	0.0109	100	-1
1167	0	576.81602	1136881	0.0112	100	28
1168	0	576.94933	121905	0.0132	100	-1
1169	0	577.08206	118041	0.0127	100	-1
1170	0	577.24084	121652	0.0125	100	-1
1171	0	577.28071	257657	0.0118	100	-1
1172	0	577.31708	395806	0.0112	100	28
1173	0	577.77891	189044	0.011	100	-1
1174	0	577.79843	123640	0.0126	100	28
1175	0	577.81899	109055	0.013	100	-1
1176	0	577.94249	204026	0.0096	100	359
1177	0	578.27932	257235	0.0131	100	359
1178	0	578.56984	242949	0.0119	100	403
1179	0	578.63419	109603	0.0139	100	359
1180	0	578.75814	125735	0.0124	100	-1
1181	0	578.80431	284323	0.0097	100	331
1182	0	578.94386	114803	0.0115	100	359
1183	0	578.96344	305852	0.0112	100	331
1184	0	579.07268	208049	0.0105	100	403
1185	0	579.36082	211160	0.0097	100	-1
1186	0	579.59382	149856	0.0113	100	403
1187	0	579.63251	181554	0.01	100	-1
1188	0	579.76581	321729	0.0131	100	-1
1189	0	580.28866	194906	0.0102	100	236
1190	0	580.34434	383719	0.0103	100	-1
1191	0	580.77999	416007	0.0139	100	236
1192	0	580.84766	440527	0.0113	100	221
1193	0	581.28234	112367	0.0141	100	236
1194	0	581.31538	232924	0.0103	100	-1
1195	0	581.34758	197139	0.0102	100	221
1196	0	582.04612	236472	0.0107	100	375
1197	0	582.28286	173038	0.0385	1.92	87
1198	0	582.30552	1196612	0.0116	13.27	375
1199	0	582.54716	155095	0.0103	100	375
1200	0	582.56628	110456	0.0129	100	-1
1201	0	582.80843	979937	0.0123	100	375
1202	0	582.9199	177581	0.0107	100	394
1203	0	583.25608	217041	0.0113	100	394
1204	0	583.29118	327652	0.0119	3.63	87
1205	0	583.30936	233006	0.0117	2.58	-1
1206	0	583.62745	205962	0.0106	100	-1
1207	0	583.78868	235709	0.0118	100	87
1208	0	583.95909	167923	0.0111	100	-1
1209	0	585.29259	952538	0.0111	100	93
1210	0	585.59518	207255	0.0109	100	-1
1211	0	585.61373	112897	0.012	100	-1
1212	0	585.79421	693997	0.0106	100	93
1213	0	585.82835	438685	0.0104	100	-1
1214	0	586.26285	431161	0.011	100	227
1215	0	586.29925	155118	0.0111	100	93
1216	0	586.33263	774749	0.0142	100	-1
1217	0	586.36643	151505	0.01	100	-1
1218	0	586.76265	241933	0.0124	100	227
1219	0	586.83169	431244	0.0165	100	-1
1220	0	587.26399	193771	0.0109	100	227
1221	0	587.30566	128756	0.0098	19.69	-1
1222	0	587.32566	807171	0.0113	123.43	-1
1223	0	587.78079	1063117	0.0112	100	227
1224	0	587.82709	359190	0.0117	100	-1
1225	0	588.28226	1046749	0.0116	10.96	-1
1226	0	588.29879	102131	0.0333	1.07	227
1227	0	588.34208	108944	0.0133	100	-1
1228	0	588.76679	636247	0.0115	86.4	-1
1229	0	588.78476	339461	0.0097	46.1	-1
1230	0	588.81458	421921	0.0103	100	233
1231	0	588.97245	127598	0.0128	100	-1
1232	0	589.27083	510822	0.0119	100	187
1233	0	589.31661	265145	0.0106	100	233
1234	0	589.76966	748913	0.0118	100	123
1235	0	590.2711	352266	0.0117	100	123
1236	0	590.29328	285130	0.0101	8.91	187
1237	0	590.31187	191621	0.0094	5.99	-1
1238	0	590.32905	178507	0.0103	100	-1
1239	0	590.64673	140538	0.0113	100	-1
1240	0	590.79561	541477	0.011	100	123
1241	0	590.82816	218646	0.0108	100	-1
1242	0	591.29808	210354	0.0107	3.99	123
1243	0	591.31489	195011	0.0095	3.7	187
1244	0	591.57071	131041	0.0135	100	-1
1245	0	591.65564	164575	0.0126	100	-1
1246	0	591.8863	167547	0.0116	100	-1
1247	0	593.27635	254977	0.0115	100	-1
1248	0	593.31608	116794	0.0135	100	-1
1249	0	593.63864	161237	0.0102	100	-1
1250	0	593.82253	358321	0.013	2.38	-1
1251	0	593.84244	1313928	0.0113	8.72	50
1252	0	593.97349	120949	0.0124	100	-1
1253	0	594.29354	1062193	0.0122	100	74
1254	0	594.33926	1011955	0.0162	100	50
1255	0	594.62884	650216	0.0118	100	74
1256	0	594.83628	645692	0.0149	100	50
1257	0	594.96408	535963	0.012	100	74
1258	0	595.79845	128873	0.0131	100	-1
1259	0	595.82471	451106	0.0131	100	218
1260	0	596.30268	145549	0.0117	100	-1
1261	0	596.32137	170877	0.0096	100	218
1262	0	596.5694	124557	0.013	100	-1
1263	0	596.64912	461119	0.0117	100	-1
1264	0	596.78893	284573	0.0115	100	-1
1265	0	596.83745	124153	0.0135	100	218
1266	0	596.92432	159363	0.0113	100	-1
1267	0	596.98428	296509	0.0111	7.4	-1
1268	0	597.004	162228	0.0121	4.05	-1
1269	0	597.25907	171376	0.0108	100	-1
1270	0	597.28857	299215	0.011	100	318
1271	0	597.33807	243305	0.0099	100	218
1272	0	597.59504	246060	0.0133	100	-1
1273	0	597.78799	238243	0.012	100	318
1274	0	597.80892	153563	0.0117	100	-1
1275	0	597.85425	686092	0.0117	100	218
1276	0	597.93175	121914	0.0141	100	-1
1277	0	598.32055	170478	0.0119	100	-1
1278	0	598.35492	382625	0.0118	100	-1
1279	0	598.78604	152639	0.0117	100	-1
1280	0	598.80623	176803	0.0104	100	-1
1281	0	599.26128	116960	0.0119	100	-1
1282	0	599.28365	210147	0.0115	100	400
1283	0	599.30579	187199	0.0126	100	-1
1284	0	599.7646	126669	0.0132	100	-1
1285	0	599.78525	131352	0.0134	100	400
1286	0	599.82124	171652	0.012	100	223
1287	0	599.85578	1133660	0.0119	100	67
1288	0	600.26629	206841	0.0123	100	400
1289	0	600.33493	434174	0.0116	4.89	223
1290	0	600.35719	912059	0.0115	10.28	67
1291	0	600.80621	119103	0.014	100	373
1292	0	600.83575	270720	0.0137	100	67
1293	0	600.85903	159204	0.0103	100	223
1294	0	601.30604	238867	0.0108	100	373
1295	0	601.39144	139930	0.0144	100	-1
1296	0	601.78058	164691	0.0126	100	-1
1297	0	602.30357	109476	0.0137	100	-1
1298	0	602.32697	205161	0.0126	100	-1
1299	0	602.58126	126124	0.0137	100	-1
1300	0	602.83026	1181234	0.0116	100	60
1301	0	603.33175	765548	0.0116	100	60
1302	0	603.67642	164546	0.0134	100	-1
1303	0	603.81729	302201	0.0109	4.84	60
1304	0	603.83426	164997	0.0105	2.64	-1
1305	0	603.95965	718987	0.0124	100	130
1306	0	604.01151	192110	0.0128	100	-1
1307	0	604.29272	339970	0.0123	100	130
1308	0	604.32198	401826	0.0134	100	60
1309	0	604.37948	301779	0.0113	100	313
1310	0	604.54823	120721	0.0139	100	-1
1311	0	604.62703	327789	0.0142	100	130
1312	0	604.7872	186480	0.0106	100	382
1313	0	604.83039	694518	0.0127	100	60
1314	0	604.88123	205692	0.0111	100	313
1315	0	604.92755	581916	0.012	100	162
1316	0	605.26134	382581	0.0115	100	162
1317	0	605.28973	227642	0.0119	6.77	382
1318	0	605.31061	143573	0.0362	4.27	-1
1319	0	605.33111	547805	0.0122	7.54	-1
1320	0	605.5939	330385	0.0127	100	162
1321	0	605.99117	311355	0.0118	100	-1
1322	0	606.25834	193053	0.0105	100	-1
1323	0	606.32559	355841	0.0128	100	276
1324	0	607.31089	109267	0.0146	100	351
1325	0	607.35412	209702	0.0119	100	276
1326	0	607.63474	330215	0.0121	100	-1
1327	0	607.8027	266264	0.0119	100	351
1328	0	608.01094	168654	0.0104	100	-1
1329	0	608.27754	115147	0.0141	100	-1
1330	0	608.34634	188571	0.0116	100	276
1331	0	608.65738	177247	0.0137	100	-1
1332	0	608.78071	113229	0.0142	100	-1
1333	0	609.02087	155905	0.0146	100	-1
1334	0	610.27644	459657	0.0125	100	215
1335	0	610.6661	343633	0.0117	100	288
1336	0	610.77684	242782	0.0113	100	215
1337	0	610.81309	123249	0.0135	100	-1
1338	0	610.95945	215578	0.0111	100	-1
1339	0	610.9974	218368	0.0126	100	288
1340	0	611.27921	198738	0.0109	100	215
1341	0	611.82948	122637	0.0124	100	-1
1342	0	611.86059	513089	0.0122	100	186
1343	0	612.28283	127097	0.0128	100	-1
1344	0	612.30566	299171	0.0118	4.83	319
1345	0	612.32711	239806	0.012	3.87	-1
1346	0	612.3629	340812	0.0117	100	186
1347	0	612.80694	240406	0.0122	100	319
1348	0	613.278	169498	0.0131	100	-1
1349	0	613.39105	244840	0.0118	100	-1
1350	0	613.65308	112941	0.0135	100	-1
1351	0	613.80831	196770	0.0133	100	-1
1352	0	613.85879	112658	0.0148	100	-1
1353	0	614.27521	3300061	0.0125	100	15
1354	0	614.30745	158065	0.0124	100	-1
1355	0	614.36087	159544	0.0114	100	-1
1356	0	614.60973	2999772	0.0124	100	15
1357	0	614.94317	2050613	0.0128	100	15
1358	0	615.2766	866882	0.0125	100	15
1359	0	615.33603	222495	0.0126	100	386
1360	0	615.62014	663774	0.0148	100	15
1361	0	615.95325	465499	0.0136	100	15
1362	0	616.28746	519511	0.0122	100	-1
1363	0	616.32412	169038	0.0356	1.55	386
1364	0	616.34482	610023	0.0122	5.6	155
1365	0	616.37754	120026	0.0137	100	-1
1366	0	616.62201	252645	0.012	100	328
1367	0	616.82902	245643	0.0104	5.0	155
1368	0	616.84684	200799	0.0096	4.09	-1
1369	0	616.94887	256956	0.0124	100	328
1370	0	617.2822	287085	0.013	100	328
1371	0	617.30844	114852	0.0128	100	386
1372	0	617.3316	314092	0.0121	100	155
1373	0	617.4015	164105	0.0111	100	-1
1374	0	617.66005	214796	0.0119	100	-1
1375	0	617.82186	672669	0.014	100	155
1376	0	618.32923	538311	0.0159	100	386
1377	0	618.63695	327309	0.0128	100	296
1378	0	618.83358	506110	0.0128	100	141
1379	0	618.96888	289081	0.0126	100	296
1380	0	619.27557	351986	0.0115	100	207
1381	0	619.30212	135507	0.0221	1.15	-1
1382	0	619.31163	193345	0.0188	4.24	296
1383	0	619.33388	319560	0.012	7.01	141
1384	0	619.60974	479900	0.0125	100	207
1385	0	619.63591	146891	0.0115	100	296
1386	0	619.81691	243751	0.0118	100	141
1387	0	619.94387	121953	0.0144	100	207
1388	0	620.27727	193438	0.0114	100	207
1389	0	621.27024	1253570	0.0124	100	54
1390	0	621.77249	636292	0.012	100	54
1391	0	621.85717	156435	0.0119	100	-1
1392	0	622.27379	315122	0.0135	100	54
1393	0	622.33565	562675	0.0127	100	169
1394	0	622.35817	159437	0.0117	100	-1
1395	0	622.83625	339028	0.0127	100	169
1396	0	623.33712	171740	0.0109	100	169
1397	0	623.97753	217661	0.0134	100	392
1398	0	624.04904	167933	0.0115	100	260
1399	0	624.30271	377729	0.0134	7.01	260
1400	0	624.32621	182725	0.0119	3.39	392
1401	0	624.54941	280180	0.0121	100	260
1402	0	624.60517	125486	0.0143	100	-1
1403	0	624.80055	327577	0.012	100	260
1404	0	625.27473	180444	0.0116	100	-1
1405	0	625.29965	157923	0.0112	100	-1
1406	0	625.80426	192457	0.013	100	-1
1407	0	625.84355	122036	0.0137	100	-1
1408	0	626.31876	307585	0.0121	100	306
1409	0	626.65615	183072	0.0139	100	306
1410	0	627.25862	185024	0.013	100	-1
1411	0	627.32445	123435	0.0145	100	-1
1412	0	628.30178	194067	0.0129	100	-1
1413	0	628.32703	212236	0.0118	100	397
1414	0	628.82611	159456	0.012	100	397
1415	0	629.34321	182914	0.0116	100	397
1416	0	630.82482	341888	0.0137	100	-1
1417	0	631.28652	188806	0.0151	100	-1
1418	0	631.3139	525491	0.0129	100	183
1419	0	631.81761	250532	0.0161	100	183
1420	0	631.91308	217376	0.0122	100	329
1421	0	632.24774	286285	0.0126	100	329
1422	0	632.31744	306497	0.0135	100	183
1423	0	632.39636	221348	0.0119	100	-1
1424	0	632.67866	358928	0.0128	100	272
1425	0	632.79376	154220	0.0134	100	-1
1426	0	632.82075	189559	0.0139	100	183
1427	0	633.01277	306272	0.0124	100	272
1428	0	633.29916	245669	0.0138	100	-1
1429	0	633.32477	120666	0.0136	100	272
1430	0	633.34697	313048	0.0123	100	183
1431	0	633.61397	121133	0.0146	100	-1
1432	0	633.81935	246929	0.0123	100	367
1433	0	634.28261	690147	0.0131	100	137
1434	0	634.32447	257958	0.0115	100	367
1435	0	634.35273	219319	0.0121	100	-1
1436	0	634.70147	185147	0.0124	100	-1
1437	0	634.78389	569712	0.0126	100	137
1438	0	634.82587	264166	0.0119	100	367
1439	0	635.30403	190281	0.0122	100	367
1440	0	635.91932	164984	0.0126	100	-1
1441	0	635.99576	230433	0.0118	100	219
1442	0	636.32962	446525	0.0125	100	219
1443	0	636.66084	212588	0.013	100	219
1444	0	636.81367	193953	0.0103	100	-1
1445	0	637.29276	305656	0.0124	100	308
1446	0	637.31617	219050	0.0127	100	388
1447	0	637.34206	129739	0.0155	100	-1
1448	0	637.74821	172359	0.0123	100	-1
1449	0	637.79294	293169	0.0115	100	308
1450	0	637.83129	212483	0.0122	100	388
1451	0	638.00943	740832	0.0126	100	79
1452	0	638.34609	1033580	0.0131	100	388
1453	0	638.67986	429915	0.0129	100	79
1454	0	638.83176	300187	0.0159	100	388
1455	0	639.01335	224758	0.0129	100	79
1456	0	639.34063	1596361	0.0132	100	388
1457	0	639.55082	199711	0.0117	100	-1
1458	0	639.61804	8680180	0.0134	100	81
1459	0	639.81825	373435	0.0138	2.49	-1
1460	0	639.84131	2144980	0.0129	14.31	-1
1461	0	639.86219	265670	0.057	1.49	-1
1462	0	639.95236	8991386	0.0131	100	81
1463	0	640.2863	5845237	0.0135	100	81
1464	0	640.32146	218700	0.0137	3.88	-1
1465	0	640.33921	696618	0.0132	12.35	-1
1466	0	640.3622	168328	0.0379	1.38	-1
1467	0	640.62002	2885494	0.0135	100	81
1468	0	640.82168	297322	0.014	10.71	321
1469	0	640.84499	197549	0.0111	7.12	-1
1470	0	640.8859	436976	0.0128	100	-1
1471	0	640.95433	1011165	0.0134	100	81
1472	0	641.28776	367767	0.0133	100	81
1473	0	641.89076	215541	0.0143	100	-1
1474	0	642.30831	168758	0.0146	100	-1
1475	0	642.3394	110783	0.0158	100	-1
1476	0	642.67408	1350093	0.0137	100	43
1477	0	642.85803	250110	0.0122	100	365
1478	0	643.00892	1430142	0.0135	100	43
1479	0	643.34168	802245	0.0133	100	43
1480	0	643.67667	361446	0.0134	100	43
1481	0	643.80197	222315	0.0112	100	-1
1482	0	643.85105	549485	0.0133	100	365
1483	0	644.01121	214056	0.0132	100	43
1484	0	644.08452	261475	0.0134	100	-1
1485	0	644.2803	158422	0.0143	100	-1
1486	0	644.33259	844374	0.0129	100	43
1487	0	644.37113	127470	0.0121	100	176
1488	0	644.39782	270691	0.0115	100	-1
1489	0	644.58531	195943	0.014	100	-1
1490	0	644.66081	285829	0.0124	100	-1
1491	0	644.83529	668715	0.0127	6.74	142
1492	0	644.85656	151649	0.0399	1.53	365
1493	0	644.948	129129	0.0145	100	-1
1494	0	645.2361	186837	0.0125	100	-1
1495	0	645.28218	110345	0.0162	100	-1
1496	0	645.30668	148546	0.0125	100	-1
1497	0	645.33496	273521	0.0132	5.15	142
1498	0	645.36272	804872	0.0137	15.17	176
1499	0	645.86447	804885	0.0132	100	365
1500	0	646.36776	244472	0.0148	100	113
1501	0	647.24852	118112	0.0153	100	-1
1502	0	647.33398	119617	0.0158	100	-1
1503	0	647.60344	433299	0.0133	100	224
1504	0	647.94032	307833	0.0121	100	224
1505	0	648.29507	304207	0.0129	100	224
1506	0	648.36536	318813	0.0132	100	301
1507	0	648.86863	215305	0.012	100	301
1508	0	649.81538	111934	0.0153	100	-1
1509	0	650.33869	296336	0.0142	100	322
1510	0	650.36588	237224	0.0135	100	-1
1511	0	650.84012	219182	0.0122	100	322
1512	0	651.36908	124508	0.0161	100	322
1513	0	651.98466	189944	0.0126	100	-1
1514	0	652.2672	294974	0.0131	100	-1
1515	0	652.31831	779477	0.0137	100	116
1516	0	652.60235	190855	0.0125	100	279
1517	0	652.65446	482606	0.0129	100	116
1518	0	652.68296	247576	0.0135	100	-1
1519	0	652.82675	354459	0.0159	100	279
1520	0	652.93583	158785	0.014	100	-1
1521	0	652.98849	419738	0.0133	100	116
1522	0	653.01758	281167	0.0135	100	279
1523	0	653.32518	260089	0.0211	100	116
1524	0	653.80117	120400	0.0156	100	-1
1525	0	654.35308	191219	0.0126	100	-1
1526	0	654.60843	121029	0.0154	100	-1
1527	0	655.3118	324243	0.016	100	-1
1528	0	655.64448	147032	0.0141	100	-1
1529	0	656.29098	240240	0.015	100	-1
1530	0	656.31938	254675	0.0126	100	-1
1531	0	656.36192	372450	0.0133	100	263
1532	0	656.85871	399189	0.0142	100	263
1533	0	657.25615	527435	0.0132	100	182
1534	0	657.36131	1434917	0.0137	100	263
1535	0	657.58904	420389	0.014	100	182
1536	0	657.86212	960257	0.0135	100	263
1537	0	657.92411	278967	0.0126	100	182
1538	0	658.31095	857752	0.0138	100	107
1539	0	658.36517	490595	0.0133	100	263
1540	0	658.81504	496737	0.0146	100	107
1541	0	659.31646	208248	0.0125	100	107
1542	0	661.36077	354513	0.0146	100	278
1543	0	661.97393	872700	0.0136	100	95
1544	0	662.31071	919252	0.0153	100	95
1545	0	662.35289	176051	0.0128	100	278
1546	0	662.64162	606551	0.0135	100	95
1547	0	662.89699	170380	0.0134	100	-1
1548	0	662.97409	315879	0.0141	100	95
1549	0	663.30546	280034	0.0107	2.29	-1
1550	0	663.31708	304188	0.0132	2.48	95
1551	0	663.65289	282943	0.0135	100	95
1552	0	663.81144	326838	0.0142	100	-1
1553	0	663.98787	237796	0.0134	100	-1
1554	0	664.33334	656365	0.0158	100	140
1555	0	664.37097	254323	0.016	100	362
1556	0	664.66627	672692	0.0141	100	140
1557	0	664.84311	294008	0.0132	100	324
1558	0	664.9995	285688	0.0133	100	140
1559	0	665.31349	333795	0.0147	2.75	-1
1560	0	665.3363	403455	0.014	3.32	140
1561	0	665.36425	185764	0.0137	100	362
1562	0	665.79453	164848	0.0124	100	-1
1563	0	665.86059	158597	0.0164	100	324
1564	0	666.35157	212171	0.013	100	362
1565	0	666.85341	4405911	0.0141	100	324
1566	0	667.35464	2597887	0.014	14.14	9
1567	0	667.37751	239799	0.0446	1.31	362
1568	0	667.77719	150465	0.015	100	-1
1569	0	667.85592	1122013	0.0142	11.26	9
1570	0	667.87946	170251	0.0436	1.71	-1
1571	0	667.99487	157515	0.0146	100	-1
1572	0	668.33002	231199	0.0151	100	-1
1573	0	668.35693	332619	0.0128	100	9
1574	0	668.86411	1335232	0.0137	100	9
1575	0	669.30772	1137245	0.0138	100	66
1576	0	669.3652	970589	0.014	100	89
1577	0	669.40383	191777	0.0153	100	-1
1578	0	669.80991	821962	0.0137	7.15	66
1579	0	669.83097	144892	0.0405	1.26	-1
1580	0	669.86732	340535	0.013	100	89
1581	0	670.3127	335425	0.0137	100	66
1582	0	670.37018	236630	0.0144	100	89
1583	0	670.82166	1174303	0.0143	100	66
1584	0	671.32453	1065794	0.0147	100	66
1585	0	671.82843	583835	0.0153	100	62
1586	0	671.9871	369449	0.0149	100	265
1587	0	672.3215	237881	0.0105	100	62
1588	0	672.83204	261309	0.0148	100	62
1589	0	672.88569	462061	0.0135	100	-1
1590	0	672.98719	237597	0.0145	100	265
1591	0	673.08455	293069	0.0143	100	325
1592	0	673.37303	508227	0.015	100	190
1593	0	673.58449	145012	0.0144	100	325
1594	0	673.85524	451309	0.0134	3.93	190
1595	0	673.87787	185883	0.039	1.62	-1
1596	0	674.35907	404169	0.0132	100	190
1597	0	674.82116	155901	0.0149	100	-1
1598	0	675.32809	317551	0.0158	100	303
1599	0	675.8326	287522	0.0174	100	303
1600	0	676.33172	262630	0.0217	100	303
1601	0	677.34421	224329	0.0099	100	-1
1602	0	677.65854	233853	0.0134	100	-1
1603	0	678.34549	496872	0.0151	100	198
1604	0	678.84349	382794	0.0144	100	198
1605	0	679.04174	159017	0.015	100	-1
1606	0	679.34113	259085	0.011	100	198
1607	0	679.68005	165047	0.0148	100	-1
1608	0	680.33878	195185	0.0137	100	-1
1609	0	680.86167	304184	0.0144	100	309
1610	0	681.36042	264644	0.0147	100	309
1611	0	682.08155	287545	0.0156	100	-1
1612	0	682.33482	752461	0.0142	100	121
1613	0	682.48352	200656	0.0134	100	-1
1614	0	682.83648	365307	0.0143	100	121
1615	0	682.88641	893704	0.0148	100	101
1616	0	683.33585	218799	0.0139	100	121
1617	0	683.3876	530190	0.0139	100	101
1618	0	683.88802	252216	0.0139	100	101
1619	0	684.34196	205669	0.0137	100	407
1620	0	685.30372	174210	0.0127	100	-1
1621	0	685.39785	247376	0.0146	100	-1
1622	0	685.99537	176999	0.015	100	-1
1623	0	686.33315	197837	0.013	100	-1
1624	0	686.36342	522514	0.0146	100	184
1625	0	686.86735	397899	0.0162	100	184
1626	0	687.36739	181750	0.015	100	-1
1627	0	687.39434	283177	0.0142	100	184
1628	0	687.85509	1766530	0.0145	100	36
1629	0	688.00145	149733	0.016	100	-1
1630	0	688.08338	150889	0.016	100	-1
1631	0	688.31804	164027	0.0132	100	-1
1632	0	688.35843	1330500	0.0146	100	36
1633	0	688.40064	181607	0.0134	100	-1
1634	0	688.8136	183122	0.0125	100	-1
1635	0	688.85994	710711	0.0152	100	36
1636	0	689.33832	242586	0.0417	1.63	-1
1637	0	689.3618	743812	0.0142	5.0	36
1638	0	689.86132	317439	0.0144	100	36
1639	0	690.88664	5087175	0.0148	100	3
1640	0	691.08718	9380316	0.0151	100	3
1641	0	691.28737	10281155	0.0148	100	3
1642	0	691.48788	7558385	0.0152	100	3
1643	0	691.54385	226204	0.0137	100	-1
1644	0	691.68779	4783994	0.0149	100	3
1645	0	691.88838	2069087	0.0153	100	3
1646	0	692.08842	1161405	0.0147	100	3
1647	0	692.28921	432374	0.0149	100	3
1648	0	692.33595	258483	0.0148	100	-1
1649	0	692.38396	469802	0.0156	100	-1
1650	0	692.48978	213323	0.0144	100	-1
1651	0	692.8927	2786090	0.0149	100	18
1652	0	693.39434	1683727	0.0151	100	18
1653	0	693.80844	260383	0.0139	100	-1
1654	0	693.89498	967909	0.0147	100	18
1655	0	694.35619	739064	0.0159	100	122
1656	0	694.39646	268244	0.0139	100	18
1657	0	694.4867	206440	0.0139	100	-1
1658	0	694.85953	752395	0.0148	8.15	122
1659	0	694.88729	254917	0.0163	2.76	18
1660	0	695.30563	183724	0.0142	100	-1
1661	0	695.35878	1726575	0.0153	100	122
1662	0	695.85958	943894	0.0151	100	122
1663	0	696.33326	244731	0.0138	4.44	122
1664	0	696.36163	503999	0.0159	9.15	37
1665	0	696.48338	161228	0.0151	100	-1
1666	0	696.85903	268578	0.0171	100	37
1667	0	697.3374	329157	0.0138	100	37
1668	0	697.84994	487015	0.0158	100	200
1669	0	698.32331	416455	0.0139	100	175
1670	0	698.36581	311712	0.0122	100	200
1671	0	698.65647	550819	0.0148	100	175
1672	0	698.86696	310448	0.0128	100	200
1673	0	698.99112	243906	0.0132	100	175
1674	0	701.33486	263770	0.0173	100	-1
1675	0	701.36963	698841	0.0144	100	134
1676	0	701.46761	190427	0.0155	100	-1
1677	0	701.87078	619303	0.0155	100	134
1678	0	702.27249	155572	0.015	100	-1
1679	0	702.30325	317099	0.0151	100	-1
1680	0	702.37199	2677803	0.0151	100	134
1681	0	702.87295	2224549	0.0151	100	134
1682	0	703.37507	845698	0.0155	100	134
1683	0	703.84485	21036390	0.0151	100	0
1684	0	704.34647	16760936	0.0151	100	0
1685	0	704.84768	7954363	0.0151	100	0
1686	0	705.32602	113638	0.0483	1.03	-1
1687	0	705.3496	2711264	0.0154	24.48	0
1688	0	705.82391	148963	0.0477	1.56	-1
1689	0	705.85092	831725	0.015	8.69	0
1690	0	706.31199	163307	0.0153	100	-1
1691	0	706.35358	724797	0.0149	100	0
1692	0	706.41307	327993	0.0145	100	-1
1693	0	706.68605	475912	0.0149	100	208
1694	0	707.02215	300809	0.0146	100	208
1695	0	707.35614	162807	0.0159	100	208
1696	0	707.67741	199014	0.0163	100	208
1697	0	708.00946	175822	0.0127	100	208
1698	0	708.33742	1163503	0.0155	100	208
1699	0	708.83881	864961	0.0155	100	63
1700	0	709.01901	213959	0.015	100	-1
1701	0	709.34575	316297	0.0173	100	63
1702	0	709.39206	247432	0.0156	100	-1
1703	0	709.68712	290354	0.0164	100	-1
1704	0	709.81491	229837	0.0141	100	-1
1705	0	709.87879	271242	0.0148	100	290
1706	0	710.35244	383208	0.015	5.21	255
1707	0	710.3806	341755	0.0147	4.65	290
1708	0	710.88258	189676	0.0141	100	290
1709	0	711.86444	1025586	0.0156	100	-1
1710	0	712.33771	897147	0.015	4.94	100
1711	0	712.36585	1114186	0.0149	6.14	69
1712	0	712.83942	616337	0.0155	3.47	100
1713	0	712.86482	653121	0.0153	3.68	69
1714	0	712.97519	180362	0.0143	100	-1
1715	0	713.33877	258792	0.0445	1.81	100
1716	0	713.36531	593138	0.0152	4.14	69
1717	0	714.32773	171916	0.016	100	-1
1718	0	714.83334	179342	0.0166	100	-1
1719	0	715.34403	186512	0.015	100	-1
1720	0	715.68318	258506	0.0152	100	-1
1721	0	715.82681	387603	0.0166	100	253
1722	0	715.87594	222046	0.0148	100	-1
1723	0	716.32648	193721	0.0141	100	253
1724	0	716.41623	177731	0.0145	100	-1
1725	0	716.82643	184740	0.0159	100	253
1726	0	717.32452	253950	0.0151	100	253
1727	0	717.35438	157133	0.0153	100	-1
1728	0	718.33295	10921599	0.0155	100	2
1729	0	718.8343	7390502	0.0159	100	2
1730	0	719.33557	3556280	0.0157	100	2
1731	0	719.67041	303018	0.0152	100	311
1732	0	719.82659	1229710	0.0195	100	2
1733	0	720.0042	315046	0.015	100	311
1734	0	720.32952	905139	0.0205	100	311
1735	0	720.82554	700747	0.0157	7.43	2
1736	0	720.86599	505345	0.0173	5.36	-1
1737	0	721.10208	191016	0.0141	100	-1
1738	0	721.32666	231878	0.0139	100	-1
1739	0	721.42358	177726	0.0167	100	-1
1740	0	721.81086	199148	0.0145	100	-1
1741	0	721.86795	245242	0.0163	100	-1
1742	0	722.33984	286355	0.0148	4.44	-1
1743	0	722.37039	1266422	0.0156	19.62	53
1744	0	722.70718	172281	0.0156	100	-1
1745	0	722.83276	931213	0.0181	100	94
1746	0	722.86878	610616	0.0149	100	53
1747	0	723.33234	451743	0.0197	100	94
1748	0	723.37724	590654	0.0155	100	53
1749	0	723.67127	125755	0.0185	100	-1
1750	0	723.83159	234739	0.0165	2.96	94
1751	0	723.86601	851541	0.0176	10.72	53
1752	0	724.34239	170154	0.0477	1.28	94
1753	0	724.36752	828598	0.0165	6.25	53
1754	0	724.82428	2004977	0.0161	100	31
1755	0	724.86775	263533	0.0159	100	94
1756	0	725.32598	1341850	0.0163	100	31
1757	0	725.36673	149196	0.016	100	94
1758	0	725.46651	358501	0.0148	100	273
1759	0	725.82557	943103	0.0159	100	31
1760	0	726.31331	7485822	0.0161	100	31
1761	0	726.38629	581518	0.0164	100	-1
1762	0	726.46891	180973	0.016	100	273
1763	0	726.81501	5146465	0.0161	100	31
1764	0	726.88728	187559	0.0151	100	-1
1765	0	727.31561	2515583	0.0162	100	31
1766	0	727.43179	419156	0.0148	100	-1
1767	0	727.81611	1022075	0.0162	100	4
1768	0	727.93783	192727	0.0147	100	-1
1769	0	728.31677	464376	0.0194	100	4
1770	0	728.39011	994483	0.0164	100	83
1771	0	728.43865	305508	0.0141	100	-1
1772	0	728.76314	158080	0.014	100	-1
1773	0	728.89253	742361	0.0163	100	83
1774	0	728.94004	150464	0.0148	100	-1
1775	0	729.09613	263880	0.0157	100	-1
1776	0	729.32447	186566	0.0158	100	-1
1777	0	729.36198	186608	0.0166	3.78	-1
1778	0	729.39264	353964	0.0165	7.16	83
1779	0	729.66231	501748	0.0165	100	154
1780	0	729.86478	356566	0.0161	100	83
1781	0	729.99657	611228	0.0158	100	154
1782	0	730.30039	479299	0.0165	3.22	154
1783	0	730.33292	428527	0.017	2.88	-1
1784	0	730.36588	206207	0.0144	100	83
1785	0	730.66374	246882	0.0156	100	154
1786	0	730.80259	377811	0.0166	100	259
1787	0	731.3058	217089	0.016	100	259
1788	0	732.69292	290931	0.0152	100	269
1789	0	733.02878	363529	0.0155	100	269
1790	0	733.35627	257790	0.0218	100	269
1791	0	733.42321	290137	0.0145	100	-1
1792	0	733.64002	223705	0.0146	100	-1
1793	0	733.69455	124362	0.0191	100	269
1794	0	733.83326	2834643	0.0168	100	17
1795	0	733.90068	708273	0.0154	100	132
1796	0	733.97594	158621	0.015	100	-1
1797	0	734.30765	271231	0.0503	1.56	-1
1798	0	734.33404	1926478	0.0164	11.08	17
1799	0	734.40289	518148	0.0153	100	132
1800	0	734.83519	964487	0.0164	100	17
1801	0	734.89789	252493	0.0181	100	132
1802	0	735.33573	626511	0.0162	100	17
1803	0	735.39699	262715	0.0209	100	132
1804	0	735.83783	227789	0.016	100	17
1805	0	736.34009	196921	0.0136	100	17
1806	0	736.81671	246462	0.011	100	-1
1807	0	737.30285	118840	0.0261	1.09	-1
1808	0	737.31479	129673	0.0254	1.19	-1
1809	0	737.65167	247644	0.0169	100	-1
1810	0	737.98475	198627	0.0153	100	-1
1811	0	738.2941	187894	0.0151	100	-1
1812	0	738.32947	508738	0.016	100	-1
1813	0	738.79375	230737	0.0135	9.28	-1
1814	0	738.82484	1066889	0.0176	42.93	72
1815	0	739.32107	573971	0.0168	100	72
1816	0	739.48118	345922	0.0153	100	-1
1817	0	739.82512	291571	0.0152	100	72
1818	0	739.88327	501512	0.0161	100	194
1819	0	740.38786	237939	0.0168	100	194
1820	0	741.35739	383183	0.0179	100	-1
1821	0	741.41522	251502	0.0179	100	-1
1822	0	742.30024	203748	0.0151	100	410
1823	0	742.64431	170546	0.0163	100	410
1824	0	742.98215	185588	0.016	100	410
1825	0	743.39524	249733	0.0154	100	-1
1826	0	743.43955	235740	0.0165	100	-1
1827	0	744.31772	173022	0.0153	100	-1
1828	0	744.72465	1348174	0.0164	100	38
1829	0	744.98391	161792	0.0169	100	-1
1830	0	745.05996	1646423	0.0165	100	38
1831	0	745.29036	320634	0.0159	100	299
1832	0	745.3188	127643	0.0192	100	-1
1833	0	745.36328	243213	0.0517	1.8	-1
1834	0	745.39352	1173372	0.0164	8.7	38
1835	0	745.72798	677946	0.0165	100	38
1836	0	745.79102	188168	0.0141	100	299
1837	0	745.87873	237379	0.0176	100	374
1838	0	746.02907	262257	0.0157	100	356
1839	0	746.05953	399963	0.016	100	38
1840	0	746.36204	287719	0.0182	2.03	-1
1841	0	746.38553	385965	0.0169	2.73	374
1842	0	746.69719	265341	0.0161	100	356
1843	0	746.88353	264769	0.0176	100	374
1844	0	747.30084	200850	0.016	100	300
1845	0	747.63233	319615	0.0154	100	300
1846	0	747.96879	187910	0.0163	100	300
1847	0	748.30099	225339	0.0179	100	300
1848	0	748.41247	176766	0.0179	100	-1
1849	0	748.89457	189809	0.0149	100	-1
1850	0	749.39468	189225	0.0186	100	-1
1851	0	750.42399	256777	0.0164	100	360
1852	0	750.75839	165720	0.0172	100	360
1853	0	751.41657	263289	0.0164	100	353
1854	0	752.33668	228234	0.0156	100	-1
1855	0	752.87321	644816	0.0164	100	146
1856	0	753.27092	312501	0.0159	100	-1
1857	0	753.37669	561228	0.0159	100	146
1858	0	753.87593	252881	0.0157	100	146
1859	0	754.04887	130701	0.0191	100	-1
1860	0	754.38252	373291	0.0179	100	146
1861	0	754.48133	195708	0.0164	100	-1
1862	0	754.88676	175425	0.0159	100	-1
1863	0	754.91326	181236	0.0146	100	146
1864	0	757.37652	253615	0.0181	100	-1
1865	0	757.43171	295542	0.0164	100	323
1866	0	757.92251	559438	0.0185	100	171
1867	0	758.37989	268516	0.0185	100	348
1868	0	758.425	481943	0.0176	100	323
1869	0	759.37964	187051	0.0168	100	348
1870	0	760.35298	173133	0.0158	100	348
1871	0	761.4495	344921	0.0161	100	245
1872	0	761.95105	403245	0.017	100	245
1873	0	762.38084	199989	0.0162	100	-1
1874	0	762.45145	276725	0.0164	100	245
1875	0	762.8443	280040	0.0167	100	-1
1876	0	764.71517	231825	0.0187	100	-1
1877	0	765.87796	217840	0.0173	100	391
1878	0	766.38043	258911	0.0154	100	391
1879	0	769.44781	242046	0.0158	100	-1
1880	0	769.94677	447196	0.0165	100	-1
1881	0	771.42522	130618	0.0199	100	-1
1882	0	771.76345	187135	0.0169	100	-1
1883	0	771.87237	188994	0.0184	100	-1
1884	0	771.9441	2208320	0.0173	100	27
1885	0	772.44594	1535975	0.0179	100	27
1886	0	772.94487	722243	0.0177	100	27
1887	0	773.4476	332572	0.0177	100	27
1888	0	775.39154	740634	0.017	100	127
1889	0	775.72733	679055	0.0172	100	127
1890	0	776.05949	390170	0.0191	100	127
1891	0	776.39437	384093	0.0173	100	127
1892	0	776.87659	356204	0.0177	100	-1
1893	0	777.37844	307180	0.0185	3.19	177
1894	0	777.41385	1179104	0.0173	12.25	61
1895	0	777.89193	548822	0.0181	100	177
1896	0	778.32301	252462	0.0158	100	-1
1897	0	778.39048	179186	0.0156	100	177
1898	0	778.41678	294111	0.0154	100	61
1899	0	778.9379	234723	0.0174	100	-1
1900	0	779.90528	125713	0.0201	100	-1
1901	0	780.92171	129414	0.0203	100	-1
1902	0	781.36634	193806	0.0163	100	-1
1903	0	782.37816	169759	0.0183	100	-1
1904	0	783.88125	901396	0.0181	100	99
1905	0	784.3836	605978	0.0199	8.95	99
1906	0	784.42514	2731644	0.0178	40.36	19
1907	0	784.88618	496110	0.0189	7.31	99
1908	0	784.92629	2021050	0.0176	29.77	19
1909	0	785.42825	787201	0.0175	100	19
1910	0	785.92779	463455	0.0166	100	19
1911	0	787.36206	211501	0.0173	100	-1
1912	0	787.41369	216530	0.0257	100	-1
1913	0	791.39451	567855	0.0174	100	-1
1914	0	793.4234	130879	0.0201	100	-1
1915	0	794.3285	303943	0.0182	100	310
1916	0	794.38132	155464	0.0201	100	-1
1917	0	794.83013	180738	0.0179	100	310
1918	0	795.39121	404928	0.0207	100	242
1919	0	795.89378	216190	0.0178	100	242
1920	0	798.39426	645810	0.0188	100	-1
1921	0	798.88861	1212785	0.0204	100	56
1922	0	799.38717	655544	0.0196	100	56
1923	0	799.84101	4597584	0.018	100	8
1924	0	799.89293	339566	0.0215	100	56
1925	0	800.34251	3416691	0.0185	100	8
1926	0	800.3999	118809	0.0595	1.09	56
1927	0	800.43383	1889314	0.0177	17.26	34
1928	0	800.48725	291066	0.0177	100	-1
1929	0	800.84224	2322656	0.0184	100	8
1930	0	800.89922	272303	0.0184	100	56
1931	0	801.34281	761991	0.0189	100	8
1932	0	801.40624	1709865	0.0178	6.24	34
1933	0	801.43675	666142	0.0185	2.43	56
1934	0	801.50709	289037	0.0183	100	-1
1935	0	801.84482	351463	0.0185	100	8
1936	0	801.90858	1332006	0.0186	100	-1
1937	0	802.40939	594379	0.0181	7.18	34
1938	0	802.44213	275738	0.0193	3.33	-1
1939	0	802.91009	190344	0.019	100	-1
1940	0	803.9009	561169	0.02	100	170
1941	0	804.41259	430085	0.0222	100	170
1942	0	805.35278	225949	0.0226	100	383
1943	0	805.85118	221327	0.0171	100	383
1944	0	806.39151	266061	0.0207	100	383
1945	0	808.30205	251490	0.0164	100	-1
1946	0	809.63112	229096	0.0175	100	-1
1947	0	810.4715	745141	0.0182	100	124
1948	0	810.93279	545206	0.0183	100	179
1949	0	811.43389	383721	0.0181	100	179
1950	0	811.4757	318837	0.0182	100	124
1951	0	811.90813	574134	0.018	100	179
1952	0	812.41086	598121	0.0188	100	179
1953	0	814.39339	763375	0.0198	100	119
1954	0	814.89528	633373	0.0197	100	119
1955	0	815.39525	231458	0.0202	100	119
1956	0	815.89773	203140	0.0177	100	119
1957	0	816.44345	180470	0.0193	100	-1
1958	0	816.51726	317706	0.0178	100	302
1959	0	817.51981	196493	0.017	100	302
1960	0	818.38316	214661	0.0174	100	-1
1961	0	821.44338	3045581	0.0195	100	16
1962	0	821.94484	2575857	0.0189	100	16
1963	0	822.44645	1296900	0.0195	100	16
1964	0	822.94769	510951	0.0193	100	16
1965	0	823.35944	2415638	0.0192	100	26
1966	0	823.44537	184301	0.0224	100	16
1967	0	823.86063	1799357	0.0197	100	26
1968	0	823.90937	118050	0.021	100	16
1969	0	824.36252	1143176	0.0194	100	26
1970	0	824.86031	510247	0.0191	100	26
1971	0	825.42585	178833	0.0178	100	-1
1972	0	826.20224	306633	0.0187	100	-1
1973	0	826.40317	173854	0.0168	100	-1
1974	0	827.40646	261664	0.0195	100	-1
1975	0	831.06153	738453	0.0196	100	114
1976	0	831.39564	798665	0.0204	100	114
1977	0	831.493	230341	0.0178	100	-1
1978	0	831.72928	710801	0.0194	100	114
1979	0	832.06412	478948	0.0188	100	114
1980	0	832.39998	255667	0.0184	100	114
1981	0	832.47349	460054	0.0216	100	-1
1982	0	834.85272	130417	0.0228	100	-1
1983	0	835.40172	162285	0.0217	100	-1
1984	0	838.69136	231253	0.0193	100	-1
1985	0	838.90169	371111	0.0199	100	193
1986	0	839.39091	505820	0.0226	100	193
1987	0	839.898	212627	0.0202	100	193
1988	0	841.67594	587854	0.0194	100	90
1989	0	842.01011	964039	0.0196	100	90
1990	0	842.34477	537941	0.0205	100	90
1991	0	842.406	768102	0.0193	100	118
1992	0	842.67715	349455	0.0202	100	90
1993	0	842.90957	434779	0.0194	100	118
1994	0	843.01296	195382	0.0178	100	90
1995	0	843.41042	253264	0.0199	100	118
1996	0	845.42342	123587	0.0238	100	-1
1997	0	846.4417	216220	0.0203	100	-1
1998	0	847.00438	166582	0.0196	100	-1
1999	0	849.38469	993805	0.0206	100	78
2000	0	849.88456	1045469	0.0203	100	78
2001	0	850.387	572350	0.0196	100	78
2002	0	850.89052	178127	0.0196	100	78
2003	0	853.3784	233469	0.0185	100	377
2004	0	853.8791	229297	0.0201	100	377
2005	0	854.38614	442624	0.0214	100	377
2006	0	854.88751	369364	0.021	100	377
2007	0	855.38911	242888	0.0197	100	377
2008	0	857.88999	173907	0.0223	100	-1
2009	0	858.39247	215983	0.02	100	-1
2010	0	859.92231	168054	0.0182	100	-1
2011	0	862.96846	147399	0.0202	100	-1
2012	0	863.35688	2382713	0.0204	100	14
2013	0	863.47074	172082	0.0209	100	-1
2014	0	863.60726	3246533	0.0206	100	14
2015	0	863.85695	3663845	0.0207	100	14
2016	0	864.1081	2885309	0.0206	100	14
2017	0	864.35819	2073758	0.0202	6.96	14
2018	0	864.39407	872023	0.0209	2.93	-1
2019	0	864.60867	627442	0.0208	100	14
2020	0	864.8595	601307	0.0205	4.12	-1
2021	0	864.89579	977264	0.0197	6.69	14
2022	0	865.11092	318920	0.0213	100	14
2023	0	865.39525	719956	0.0201	100	-1
2024	0	869.59953	188086	0.02	100	-1
2025	0	871.41013	185868	0.0161	100	-1
2026	0	871.43992	185611	0.0173	100	-1
2027	0	873.45831	175288	0.0226	100	-1
2028	0	874.37396	2192893	0.0212	100	29
2029	0	874.87484	2138295	0.0207	100	29
2030	0	875.37499	1160874	0.0219	100	29
2031	0	875.87631	683312	0.0206	100	29
2032	0	876.37759	261426	0.0206	100	29
2033	0	876.83942	173511	0.0189	100	29
2034	0	878.95992	130008	0.0252	100	-1
2035	0	884.40989	336964	0.0225	100	294
2036	0	884.9098	262778	0.0204	100	294
2037	0	885.41093	178641	0.0201	100	294
2038	0	890.4605	162667	0.0213	100	-1
2039	0	890.93747	659601	0.0214	100	145
2040	0	891.43971	531533	0.0217	100	145
2041	0	891.94211	230904	0.0206	100	145
2042	0	892.44063	250321	0.0208	100	145
2043	0	894.97407	194073	0.0196	100	-1
2044	0	896.77413	373592	0.0213	100	262
2045	0	897.10765	373001	0.0208	100	262
2046	0	897.44428	278741	0.0225	100	262
2047	0	897.77698	257861	0.0234	100	262
2048	0	897.95734	239624	0.0214	100	-1
2049	0	902.43561	232123	0.0221	100	-1
2050	0	903.5047	129415	0.0253	100	-1
2051	0	905.43683	353058	0.0232	100	282
2052	0	905.93877	284559	0.0208	100	282
2053	0	906.43553	250930	0.0204	100	282
2054	0	906.88935	318356	0.0214	100	-1
2055	0	906.93692	167045	0.0203	100	282
2056	0	907.38715	340438	0.0219	100	267
2057	0	907.88845	364573	0.0245	100	267
2058	0	908.38593	258578	0.0211	100	267
2059	0	911.35894	130339	0.0259	100	-1
2060	0	913.49954	184690	0.0227	100	-1
2061	0	914.55703	169313	0.0236	100	-1
2062	0	920.90973	1892093	0.0224	100	-1
2063	0	921.41056	1915404	0.0224	100	33
2064	0	921.91191	1246415	0.0237	100	33
2065	0	922.40962	763882	0.0223	100	33
2066	0	922.9234	440102	0.0259	100	33
2067	0	923.42572	174489	0.0209	100	33
2068	0	923.92917	254155	0.0221	100	33
2069	0	925.42311	225298	0.0222	100	-1
2070	0	928.41053	198520	0.0201	100	-1
2071	0	931.39428	856206	0.0225	100	84
2072	0	931.89673	994459	0.0232	100	84
2073	0	932.39708	598646	0.0236	100	84
2074	0	932.89852	274689	0.0217	100	84
2075	0	933.39908	192096	0.0224	100	84
2076	0	934.89721	188686	0.0239	100	-1
2077	0	934.9532	273429	0.0238	100	-1
2078	0	935.3954	274337	0.0236	100	-1
2079	0	935.46131	299013	0.0229	100	320
2080	0	936.45546	195066	0.023	100	320
2081	0	940.39243	278237	0.0226	100	337
2082	0	940.89429	219275	0.0214	100	337
2083	0	944.35961	125390	0.0267	100	-1
2084	0	949.38374	237994	0.024	100	-1
2085	0	951.94409	363170	0.0226	100	-1
2086	0	955.44479	147161	0.0263	100	-1
2087	0	955.73528	756381	0.0236	100	75
2088	0	956.06789	1061194	0.0247	100	75
2089	0	956.40123	812693	0.024	100	75
2090	0	956.73672	497327	0.0243	100	75
2091	0	957.07154	362067	0.0242	100	75
2092	0	958.9234	4324031	0.0238	100	10
2093	0	959.42512	4295384	0.0239	100	10
2094	0	959.926	2674326	0.0244	100	10
2095	0	960.42538	1167862	0.0241	100	10
2096	0	960.92666	436773	0.0235	100	10
2097	0	961.42987	266180	0.0236	100	10
2098	0	963.50911	390421	0.024	100	250
2099	0	964.0105	333436	0.0247	100	250
2100	0	964.50336	273917	0.0267	100	250
2101	0	965.95809	227011	0.0234	100	-1
2102	0	976.48994	639390	0.0243	100	147
2103	0	977.49194	284500	0.0231	100	147
2104	0	977.9038	152774	0.0261	100	-1
2105	0	978.49181	164063	0.024	100	147
2106	0	984.58248	296652	0.0257	100	-1
2107	0	987.38669	169244	0.0226	100	-1
2108	0	988.75938	262575	0.0241	100	285
2109	0	988.81377	124907	0.0283	100	-1
2110	0	989.09389	262146	0.0247	100	285
2111	0	989.42482	346306	0.0242	100	285
2112	0	989.53256	413864	0.0259	100	-1
2113	0	989.76134	132033	0.0286	100	285
2114	0	1012.43881	322082	0.0256	100	172
2115	0	1012.76962	522228	0.0259	100	172
2116	0	1013.10472	558546	0.026	100	172
2117	0	1013.43678	273417	0.0268	100	172
2118	0	1013.77151	251704	0.0258	100	172
2119	0	1020.98356	497315	0.0254	100	197
2120	0	1021.33135	189011	0.0245	100	-1
2121	0	1021.48455	309189	0.0287	100	197
2122	0	1021.98715	171773	0.0263	100	197
2123	0	1028.42091	397456	0.0263	100	248
2124	0	1028.92181	267058	0.0247	100	248
2125	0	1029.42296	338346	0.0264	100	248
2126	0	1032.49956	271820	0.027	100	-1
2127	0	1032.75027	177837	0.0256	100	-1
2128	0	1043.55912	121088	0.0318	100	-1
2129	0	1045.54446	172403	0.0295	100	-1
2130	0	1046.98055	916823	0.0274	100	97
2131	0	1047.48061	869732	0.0276	100	97
2132	0	1047.98374	672111	0.0271	100	97
2133	0	1048.48288	314023	0.0267	100	97
2134	0	1048.98685	290525	0.0263	100	97
2135	0	1056.41968	124703	0.0311	100	-1
2136	0	1066.44221	169389	0.0261	100	-1
2137	0	1071.49269	196795	0.0258	100	-1
2138	0	1073.58656	226807	0.0282	100	-1
2139	0	1075.96791	457907	0.0284	100	216
2140	0	1076.47109	285109	0.0276	100	216
2141	0	1081.79	163446	0.0302	100	-1
2142	0	1087.01783	169072	0.0246	100	-1
2143	0	1093.98984	2559641	0.0291	100	23
2144	0	1094.49091	2130389	0.0291	100	23
2145	0	1094.99155	1455143	0.0297	100	23
2146	0	1095.49265	955937	0.0298	100	23
2147	0	1095.98976	236534	0.028	100	23
2148	0	1099.95801	1105245	0.0291	100	64
2149	0	1100.45845	1155618	0.0291	100	64
2150	0	1100.96134	737564	0.0293	100	64
2151	0	1101.46106	289857	0.0287	100	64
2152	0	1107.52385	194355	0.0312	100	-1
2153	0	1109.48951	129154	0.0365	100	-1
2154	0	1110.43631	165794	0.0313	100	-1
2155	0	1112.43579	155059	0.0272	100	-1
2156	0	1116.58393	133537	0.0337	100	-1
2157	0	1131.46052	181602	0.027	100	-1
2158	0	1139.52541	166132	0.031	100	-1
2159	0	1146.97397	445313	0.0319	100	192
2160	0	1147.4713	506877	0.0323	100	192
2161	0	1147.97485	417995	0.0305	100	192
2162	0	1148.47958	214127	0.0317	100	192
2163	0	1150.80918	603535	0.0325	100	65
2164	0	1151.14247	872022	0.0312	100	65
2165	0	1151.47673	1148634	0.0324	100	65
2166	0	1151.80837	793440	0.0324	100	65
2167	0	1152.13907	645468	0.0324	100	65
2168	0	1152.47233	338152	0.0328	100	65
2169	0	1152.80866	248446	0.0289	100	65
2170	0	1162.01587	167966	0.034	100	-1
2171	0	1162.51723	188921	0.0306	100	-1
2172	0	1163.01525	179414	0.033	100	-1
2173	0	1246.59128	217504	0.0326	100	-1
2174	0	1262.51656	176608	0.0328	100	-1
2175	0	1263.01476	216412	0.0354	100	-1
2176	0	1295.73951	118549	0.0422	100	-1
2177	0	1326.39975	103377	0.0474	100	-1
2178	0	1330.06468	158365	0.0346	100	-1
2179	0	1333.70231	179505	0.0395	100	-1
2180	0	1364.9183	194142	0.0421	100	-1
2181	0	1402.41756	120761	0.0464	100	-1
2182	0	1406.68304	694677	0.0418	100	135
2183	0	1407.68929	585632	0.042	100	135
2184	0	1408.69295	241522	0.042	100	135
2185	0	1434.10526	165435	0.044	100	-1
2186	0	1469.30129	127067	0.0516	100	-1
2187	0	1617.17501	117352	0.0592	100	-1
2188	0	1623.7089	107790	0.0634	100	-1
2189	0	1769.0175	127780	0.0756	100	-1
2190	0	1887.72265	119426	0.0718	100	-1
